   3.0472917e-01
  -1.6860650e-01
  -2.0556335e-01
   1.2140127e-01
   3.6835184e-01
   2.6566853e-01
   1.8983844e-01
   1.0144694e-01
   3.2115982e-01
   3.4947267e-01
  -1.5645260e-01
   9.8681573e-02
   1.0824390e-01
   8.6887125e-02
   3.7950267e-01
   1.4800680e-01
   2.8930530e-01
   2.9144355e-01
   2.0740864e-01
   1.7990275e-01
  -8.0816099e-02
   2.8924930e-02
  -8.8855522e-02
  -5.1717746e-01
  -4.9047878e-01
  -3.9401456e-01
  -4.6150177e-01
   4.6001364e-01
  -8.2580892e-02
   4.4532260e-02
  -8.7694304e-02
   7.4326667e-02
  -4.9433851e-02
  -7.9586529e-02
  -5.1911563e-02
   5.1649696e-03
   1.6216454e-01
  -7.3170026e-03
   8.3276253e-02
   1.4920273e-01
   2.1096860e-01
   6.4454185e-02
   1.4322266e-01
   2.0618147e-01
   5.9225609e-02
   5.2544813e-02
   3.3344286e-01
   1.9446462e-01
   3.0524688e-01
   6.7931815e-01
   3.9680256e-01
   3.6434740e-01
   2.9485093e-01
   4.1881342e-01
   5.2342335e-01
