   2.7841817e-01
   1.3064041e-01
   1.9340884e-02
  -1.1642580e-01
   1.2307051e-01
   1.6374290e-01
   9.9015919e-02
  -1.5890956e-01
  -1.0156858e-02
   2.8475025e-03
   3.0126476e-01
   7.0397501e-02
  -3.2407570e-01
   1.8976412e-01
   1.0835514e-01
   9.0789667e-02
  -1.9049600e-01
   9.3002408e-02
   5.7550509e-02
   5.5882831e-01
   5.6350809e-02
   1.8443180e-01
   1.8953230e-01
   1.6762951e-01
  -1.6451990e-01
   1.1141709e-01
   2.4210943e-01
   7.0190430e-02
   6.2334436e-02
  -7.2973582e-02
   2.5800344e-02
  -1.0254216e-01
   2.7576336e-02
  -3.7821281e-02
   1.3069665e-01
  -1.5754181e-01
   8.0824003e-02
  -1.5423703e-02
   1.0176126e-01
  -1.1188294e-01
   1.5781155e-01
   2.9730673e-01
  -4.5665618e-03
   3.5170692e-02
   3.9353970e-02
  -7.4659202e-02
  -2.4739948e-01
   9.1875595e-02
   2.8619579e-01
   3.6016847e-01
   1.0417626e-03
   8.1169506e-02
  -9.2122795e-03
   4.9388029e-02
   1.2309344e-01
