   6.3632049e-01
  -5.3991157e-02
   2.3206729e-01
   3.1969702e-01
   6.4213406e-02
   1.5614853e-01
   2.7060188e-01
   1.9408417e-01
   2.3866045e-01
   4.4089684e-02
  -1.1032510e-01
   1.9560632e-01
   4.4525256e-01
  -4.1367881e-02
   5.0403090e-02
   2.0943822e-01
   9.2076236e-02
   2.0973539e-02
   8.3975037e-03
   3.6077291e-01
  -5.4682501e-02
   1.6090239e-01
   2.2408646e-01
  -2.8602786e-02
  -3.8086387e-01
   2.0847008e-01
   1.6149145e-01
   4.3190146e-01
   3.6095160e-01
   9.2779181e-02
   3.1727597e-01
   1.1095714e-01
   1.2433829e-01
  -5.1563935e-02
   3.2975068e-01
   3.2070321e-03
   5.3247633e-01
   4.6770630e-01
   9.7694532e-02
   2.4973751e-02
   6.7313786e-02
   4.5333666e-01
   1.7877072e-01
   2.6344441e-01
   1.0960447e-01
   1.5571627e-01
   1.2392095e-01
   2.9498761e-01
   3.4633773e-01
   6.1810537e-01
   2.8360182e-01
   4.8084904e-01
   1.6322626e-01
   2.8358460e-01
   5.2155783e-01
