   6.0299675e-01
  -4.8997828e-02
   3.9037025e-01
   2.8842446e-01
   4.7359559e-01
   9.4658248e-02
   6.7070576e-01
   3.0278472e-02
   3.8303742e-01
   4.5929203e-01
  -9.8452869e-02
   3.3385611e-01
   2.5482257e-01
   5.6955970e-01
  -5.7019169e-02
   4.3172397e-01
  -5.6242050e-02
   4.3204620e-01
   2.6499766e-01
   1.1114480e-01
   1.5994145e-01
   1.2317269e-01
   5.7604857e-02
  -4.2165825e-02
  -4.5714888e-02
   1.9274280e-01
   2.7377464e-01
   8.5102031e-01
   1.4455250e-01
   3.7340494e-01
   3.3256601e-01
   2.5185198e-01
   3.5204068e-01
   1.8234641e-01
   2.0522465e-02
   1.9449630e-01
   3.4461425e-01
   4.6794686e-01
   2.3092584e-01
   1.9110896e-01
  -1.4670583e-01
   5.2624919e-01
  -2.8262280e-01
   4.1212228e-01
   3.2760732e-01
   1.9580427e-02
   1.0254223e-01
   1.6876518e-01
  -4.4456617e-02
   3.4915400e-02
   4.8337928e-01
   4.1582730e-01
  -9.8778905e-02
  -5.8403057e-02
   6.0650029e-01
