   2.9797491e-01
   2.2440500e-01
   1.8378304e-02
   1.5966664e-01
   5.4773917e-02
   5.5805232e-02
   1.1855021e-01
   3.0674623e-02
   1.2861541e-01
   1.3393218e-01
   1.7214704e-01
   7.5594094e-02
   1.1418566e-01
   7.4423150e-02
  -8.1566946e-02
   1.8265663e-01
   2.7490334e-01
   1.7923035e-01
   1.7031064e-01
  -1.1236358e-01
  -1.3910218e-01
   2.3628397e-01
  -1.1622768e-01
  -1.0280171e-02
  -1.9628212e-02
   1.3527872e-01
   9.3978233e-02
   6.1580676e-01
   1.8706772e-01
   3.0591598e-02
   1.0921036e-01
   1.8446783e-01
   4.2642767e-01
   9.3004100e-02
   2.1040971e-01
   9.9247611e-02
   2.1243371e-01
   5.3108296e-02
   3.4175321e-01
   3.2997167e-02
  -8.9465268e-02
   2.9050446e-01
  -6.1033890e-02
   4.9903832e-02
   1.6867922e-02
  -2.6712878e-02
  -1.4723491e-02
   1.0286420e-02
  -6.9873796e-02
   1.9181219e-01
   4.7115787e-02
   1.0001609e-01
   2.6025071e-01
  -2.1933714e-01
   1.2552789e-01
