   5.1509068e-01
   1.1609577e-01
   3.2554821e-01
   3.5235634e-01
   1.0581776e-01
  -8.2356175e-02
   5.5066192e-02
   1.5059189e-01
  -1.7833873e-02
  -5.9115343e-02
  -6.0158152e-03
   2.7609622e-01
   4.8782026e-01
   1.8807373e-01
   5.3386029e-02
   6.6445045e-02
   1.6678890e-02
   9.8769258e-02
  -2.3723732e-02
   4.3313349e-01
   1.0809747e-01
  -1.5224021e-01
  -1.0561219e-01
   1.5141642e-01
  -1.0165424e-01
   1.9185822e-01
  -8.6859578e-02
   5.2911767e-01
  -9.0357663e-02
   8.7008229e-03
   2.0542812e-01
   2.7861835e-02
   1.3911936e-01
   1.7329214e-01
   4.6848302e-02
   4.9684502e-02
   2.9466465e-01
  -1.6525879e-01
   1.9273466e-01
   4.8871677e-02
  -2.0782621e-01
   3.7846888e-01
  -2.4533244e-02
  -5.6882466e-02
  -1.5066575e-01
  -3.8881515e-02
   4.8144197e-02
   1.8841911e-01
   2.3117576e-01
   3.2561634e-01
   2.3483783e-02
  -3.9713455e-02
  -1.9132746e-01
  -4.7428383e-02
   2.3075573e-01
