   3.5006682e-01
   1.8558412e-02
   3.9294904e-02
   1.1427386e-01
   1.4168915e-01
  -4.8001294e-02
  -7.5878074e-02
  -1.1402103e-01
   2.5981843e-01
   2.2435431e-01
   7.8888483e-04
   7.9653992e-02
   4.0971163e-02
   2.7570423e-01
   1.3926574e-01
   2.4775240e-01
   5.4921029e-02
   1.2826313e-01
   3.0521610e-01
   7.8859208e-01
   5.0189887e-01
   4.3005393e-02
  -5.5852725e-02
  -3.8329929e-01
  -4.8525914e-01
  -5.4504893e-02
  -1.6981651e-01
   6.5444097e-01
   1.5678719e-02
  -3.5663191e-02
  -3.3437930e-01
  -3.5860550e-01
  -4.6186464e-02
  -2.6059178e-01
  -1.4759439e-01
  -9.0598581e-02
  -2.1132854e-01
  -2.9653606e-01
  -1.8493541e-01
  -2.8210523e-01
  -7.5591736e-02
   2.6290870e-01
   6.3238632e-02
   1.1495552e-01
   1.4442928e-01
   1.0796921e-01
   1.9053698e-01
   7.1610004e-03
   3.2417295e-01
   5.1812818e-01
   1.6990830e-01
   3.8100305e-01
   1.3105078e-01
   2.5715119e-01
   5.5335843e-01
