   9.0365807e-02
  -1.0167031e-02
  -3.9945585e-02
  -8.1556379e-02
   2.1739215e-01
   6.2971432e-02
   1.2730446e-01
   3.0700235e-01
  -1.5228279e-01
  -4.7845400e-02
   3.4498406e-01
   1.2784694e-01
   1.5483058e-01
   8.7457880e-02
  -1.9750140e-01
  -1.4396848e-01
  -8.6266182e-02
   1.9908960e-01
   2.0718644e-02
   1.3066210e-01
   2.5142974e-01
   1.4225713e-01
  -1.6588484e-01
   7.0331764e-04
  -2.9746390e-01
   2.2993008e-01
  -7.2627370e-02
   1.2550439e-01
  -1.6056819e-01
   9.4882371e-02
   6.3572886e-02
   2.6324567e-01
   6.9505602e-02
  -4.6829068e-02
   1.9642991e-02
  -5.4458954e-02
  -1.6762675e-01
  -1.4524959e-01
   9.6607378e-02
   7.3171338e-02
   2.2020411e-01
   3.4323879e-01
   2.4720638e-01
   2.7221273e-02
   8.0685993e-02
   3.4573578e-01
   3.4821013e-01
  -1.2093039e-02
   1.3710350e-01
   4.5442888e-01
  -5.3516433e-02
   7.4747496e-02
  -1.4702408e-01
  -9.6565022e-02
   1.8373099e-01
