   4.6712108e-01
   9.5167276e-02
   7.1603118e-02
   1.2013029e-01
   1.2703690e-01
  -1.1416794e-01
   9.3509905e-02
   1.3392765e-01
   1.0895683e-01
  -3.5308979e-02
   1.3377168e-02
   1.0106845e-01
  -4.2031446e-04
  -2.8601867e-02
  -8.8819490e-02
   5.9093780e-02
  -4.1797116e-04
   2.2577551e-01
   1.0727610e-01
   6.9231754e-01
   7.8645389e-02
   3.3029031e-01
   1.6779945e-01
   4.9752128e-02
  -1.7671542e-01
   7.4880800e-02
  -1.5305992e-01
   2.0520843e-01
   4.1154019e-01
   1.2922756e-01
   7.2937493e-02
  -2.8532118e-01
   1.7416156e-01
  -2.0120313e-01
   1.4416650e-01
   1.6862778e-01
   2.8312466e-01
   2.0772606e-01
   1.8779166e-01
   7.2295136e-02
   6.3563842e-02
   4.1524670e-01
  -2.5836880e-03
   1.8726657e-01
   1.9975001e-02
   1.7496408e-01
  -9.6721169e-02
  -1.0211963e-01
   2.3430369e-02
   1.5778593e-01
   3.4700084e-01
   4.2487892e-02
  -4.2764377e-02
  -2.6262669e-03
   4.3368954e-01
