   7.3284902e-01
   7.6705855e-02
   3.3095830e-01
   5.7723545e-01
  -2.1804645e-01
   5.3138336e-01
   5.0513210e-03
  -2.1179258e-01
   5.5295399e-01
   4.8908999e-01
   3.1610764e-01
   4.6606361e-01
   7.0220477e-01
  -2.2220240e-01
   5.3254169e-01
   9.5276207e-02
  -2.2057982e-01
   6.6169038e-01
   5.4402390e-01
   5.6024295e-01
   1.6933722e-01
  -1.3472267e-01
   8.0313642e-02
  -7.1039628e-04
  -2.1689205e-01
   5.8727405e-02
   1.6244910e-02
   5.7454691e-01
  -3.7443945e-01
   4.7543292e-01
   4.0189513e-02
  -1.5830799e-01
   3.8274554e-01
   2.1556587e-01
  -5.0364863e-01
   4.9858484e-01
   4.0264734e-02
  -3.7759332e-01
   4.8293441e-01
   5.0334676e-01
  -2.9976647e-01
   3.5920568e-01
   2.7409604e-01
  -2.9380310e-01
  -2.3742711e-01
  -2.2240852e-02
  -1.9622474e-01
   4.1783845e-01
   4.1006855e-01
   1.2714826e-01
   3.0022254e-02
  -1.6589808e-02
  -1.4341914e-01
  -1.5592780e-01
   6.3768850e-01
