   4.7770072e-01
   2.2530643e-01
  -3.5396767e-02
   2.8974596e-02
   2.9541814e-02
   2.1341149e-01
   1.5873925e-01
   1.1501280e-01
   1.7197261e-01
   2.1150275e-01
   1.5227340e-01
   1.4784662e-01
   1.1925711e-01
   1.5904024e-01
  -3.5377236e-02
   3.9428249e-01
  -1.2611785e-01
   9.8831733e-02
  -1.9327087e-02
   2.2479527e-01
   1.0389298e-01
   3.2535589e-01
  -1.5514252e-01
   3.2043218e-02
   3.6078061e-02
   1.7905031e-01
   1.2235619e-01
   2.9890879e-01
   9.9669531e-02
  -1.1772078e-01
   9.6006691e-02
   7.7512210e-02
   1.3708980e-01
  -8.3422680e-02
  -1.7163580e-01
  -1.3118495e-02
   2.4212614e-01
  -2.2790685e-02
  -3.8139100e-02
  -8.9550912e-02
   5.9382344e-02
   3.2783104e-01
   1.3524734e-01
   1.9401161e-01
  -2.9755370e-02
   1.6131024e-01
  -4.5204022e-02
  -2.0164355e-02
   1.2723009e-01
   1.1392984e-01
   1.4806327e-01
  -9.4890386e-03
   1.9802189e-01
   1.5811626e-01
   1.2309567e-01
