   1.0777432e-01
   1.9396930e-01
   1.9717006e-01
   2.8297131e-01
   2.7154197e-02
   6.4485309e-02
   2.1575751e-01
   2.9570255e-01
   1.7698877e-01
   5.4831761e-02
   4.0338426e-02
   2.1898474e-01
   7.4543563e-02
  -1.0882260e-01
   2.2608942e-01
   1.4601386e-01
  -1.2011084e-02
   2.2176829e-01
   2.3861934e-01
   4.4356759e-01
   5.2102293e-01
   6.6206996e-01
   8.9943505e-02
   1.4125260e-01
  -5.4750163e-02
   1.7588335e-01
   8.1768290e-02
   3.3603176e-01
   2.2380811e-01
   2.6662145e-01
   7.7941299e-02
   1.2792256e-01
   1.1200831e-01
   1.6977201e-02
   2.6322421e-01
   7.5198787e-02
   4.5095565e-02
   1.8576634e-02
   9.1001477e-02
   1.0106802e-01
   2.2300218e-02
   3.5409529e-01
   1.1273437e-01
   9.9477076e-02
   1.5377921e-01
  -2.9304468e-02
  -2.0748092e-02
   1.5916912e-01
   6.3905624e-02
   3.3513390e-01
   2.1397371e-01
   2.0148554e-01
   2.8379228e-01
  -9.9108835e-03
   2.3174661e-01
