   2.1210371e-01
   1.3890128e-01
   2.0279585e-01
   1.0262762e-01
   1.4309821e-01
   4.2464615e-02
   1.3089816e-01
   5.2757077e-02
   5.0835613e-02
   8.2571994e-02
   1.1121831e-01
   2.0182383e-02
  -2.0228819e-01
   6.7997334e-02
   1.2501786e-01
   2.8651212e-01
   2.7831314e-01
   2.0700183e-01
   2.5381122e-01
   6.8865514e-01
   6.8697711e-01
  -1.5424554e-01
   4.7720743e-02
  -1.1055311e-02
  -1.0961819e-02
  -1.0540435e-01
  -3.4676367e-02
   5.8697028e-01
   1.2124522e-01
   3.0530835e-02
   2.6363901e-01
   7.9973444e-02
  -8.6537316e-02
  -6.7497695e-02
  -4.2387630e-02
  -1.2117052e-01
  -1.8589813e-01
  -2.1778639e-01
  -1.3796112e-01
  -1.5576848e-01
  -3.0331458e-02
   2.0043606e-01
  -1.6893993e-01
  -2.3700896e-02
  -1.5145908e-01
   1.7939000e-01
  -4.5968991e-02
   1.9788325e-01
   1.9493150e-01
   3.2877907e-01
   3.7089507e-01
   4.3543478e-01
   2.4509076e-02
   8.2297434e-02
   5.4572546e-01
