   2.4281251e-01
   3.6286359e-01
   4.0854779e-01
   2.7138899e-01
   4.4792023e-01
  -2.3711108e-02
   2.9906082e-02
   8.7077551e-02
   1.9942106e-01
   3.4394437e-01
   9.4672146e-02
   2.5195764e-01
   2.1055729e-01
   1.0924144e-01
   1.4883396e-01
  -1.4496707e-02
  -1.0388418e-01
   1.1794328e-01
   2.9807660e-01
   5.2339580e-01
   3.8446833e-01
   4.3560809e-01
  -4.6158662e-02
  -9.9943569e-02
  -3.0879932e-01
  -1.8695523e-01
   5.9252496e-02
   6.9865982e-01
   5.5273779e-01
   5.4464992e-02
   3.1462947e-01
  -1.0651176e-01
  -3.5953461e-02
   6.5739770e-02
   5.1774558e-01
  -1.2145374e-01
   2.5769721e-01
  -2.2339642e-01
  -1.6556037e-01
   3.3585026e-02
  -6.0720653e-02
   4.6145643e-01
   3.9415192e-02
  -9.7646032e-02
   1.4948284e-01
   7.5546722e-03
   4.9301253e-02
   3.3827807e-01
   2.8732016e-01
   2.8560722e-01
  -5.9448089e-03
   8.8901194e-02
   1.0738350e-01
  -8.1763706e-02
   1.5880169e-01
