   4.5156840e-01
  -1.6601496e-02
   1.6265868e-01
   2.4355947e-01
  -4.3978447e-02
   6.1065544e-02
   3.6279601e-01
   7.3454510e-02
   9.6749948e-02
   2.9456147e-01
   3.5685392e-02
   1.0640027e-01
   8.3452088e-02
  -1.0341171e-01
  -2.5481559e-02
   2.9631773e-01
   2.6941547e-01
   8.8967469e-02
   2.1204562e-01
   1.7907434e-01
  -8.5503299e-04
   4.1104202e-01
   1.4125101e-03
  -3.5055632e-01
  -7.4849499e-02
   1.1633324e-01
   5.0462188e-02
   6.4237883e-01
   2.9855743e-02
  -1.9188534e-01
  -2.7662284e-02
   1.6964974e-01
  -8.1064915e-02
  -4.6938308e-02
   2.4977395e-02
  -5.4829196e-02
   2.0649406e-01
   1.5278651e-01
  -6.9637681e-02
   2.0445226e-02
  -3.6541243e-02
   1.9900356e-03
   1.5451083e-01
   2.5774919e-01
   1.7777253e-01
   1.8779361e-01
   1.3524714e-02
   2.5622701e-01
   3.9737559e-01
   6.1148375e-01
   3.5103078e-01
   3.0988865e-01
   2.3030978e-01
   1.7926178e-01
   4.7132729e-01
