   2.4588455e-01
   2.4538306e-01
  -3.8246401e-02
   1.7823058e-01
   3.1309508e-01
   2.1199209e-01
   3.2528819e-01
   2.5389370e-01
   3.2846394e-01
   2.3097241e-01
  -9.4905807e-02
  -6.6164575e-02
  -1.3715294e-02
   1.0510226e-01
   2.3918441e-01
   2.6660256e-01
   7.1338425e-02
   2.2555045e-01
   2.4307947e-01
   3.2352380e-01
  -1.5808715e-01
  -3.0604143e-02
   6.0216019e-02
  -7.9995250e-02
   9.3893341e-03
   2.1443363e-01
  -1.4239187e-02
   1.0848301e-01
  -1.3773049e-01
   1.3458368e-01
   7.6185246e-02
  -7.3011541e-02
   1.7066514e-01
   9.4971100e-02
   1.1616582e-01
  -4.5733980e-02
   4.6654443e-01
   4.6049038e-01
   2.5587524e-01
  -1.7628113e-02
   2.7681801e-01
   3.3375435e-01
   3.3262833e-01
   3.7045258e-02
  -1.0187388e-02
   3.7764489e-02
   3.6950680e-02
   2.3597622e-01
   2.4891577e-01
   2.0609712e-01
   2.7619111e-01
   2.9287281e-01
   2.6274423e-01
   5.5072869e-02
   5.9307438e-01
