   2.9900624e-01
   1.1817900e-01
   3.2086485e-01
   1.0078358e-01
   3.4555177e-02
   2.0456888e-01
   1.8070756e-01
   2.0529306e-01
   2.1386977e-01
   2.0638244e-01
   6.8492878e-02
   1.4964498e-01
   1.7147288e-01
   9.0642244e-02
  -1.7000086e-01
   2.6400863e-01
   1.3788634e-01
   2.7821638e-01
   9.5754775e-02
   5.1420747e-02
   3.7354064e-02
   3.6206397e-01
   5.5020524e-02
   4.2220804e-01
   1.7001437e-01
   2.4765795e-01
   2.8088982e-01
   6.7853123e-01
   3.6675939e-01
   1.4727569e-01
   4.1160648e-01
   4.0806939e-01
   1.3777711e-01
   1.6145585e-01
   4.2697349e-01
   1.2804767e-01
   5.0304040e-01
   5.7124171e-01
   2.7440425e-01
   2.2622446e-01
   4.6344454e-02
   8.7225325e-01
   3.7764598e-01
   4.2079576e-01
   3.2246911e-01
   7.1003119e-02
   9.1496990e-02
   9.2866049e-02
   1.7018480e-01
   5.9253725e-01
   7.1463840e-01
   7.3592317e-01
   4.2596658e-01
   4.9236920e-01
   7.1038581e-01
