   4.1728467e-01
   3.5016124e-01
   2.2271578e-01
   3.2621182e-01
   3.2833552e-01
   1.7089389e-01
   1.9728494e-01
  -2.7527609e-02
   3.6667958e-02
  -8.4900560e-02
   2.1027755e-01
  -3.7317181e-02
   4.4963458e-01
   1.2409102e-01
  -8.8818769e-03
   4.8934332e-02
  -1.1073022e-01
  -4.8177601e-03
   6.8285712e-02
   3.7028137e-01
   3.0021136e-01
   5.0187604e-01
  -2.0394282e-01
  -7.6015981e-02
  -2.7352987e-01
  -4.9129466e-02
   1.8615990e-02
   1.4276217e-02
   6.7384843e-02
   1.9731306e-03
  -3.3431885e-02
  -6.1334411e-03
  -1.2943612e-01
  -3.4605058e-02
   2.3206913e-01
   2.0382562e-02
   2.2567997e-01
  -5.3792425e-02
   2.1820196e-01
   1.4555503e-01
  -1.4550752e-04
  -2.0622995e-02
  -2.2063009e-01
  -8.6809515e-02
   4.0392629e-02
   3.2853325e-01
   2.0144577e-01
   2.7401604e-01
   1.4116516e-01
   8.6389537e-01
   3.7470080e-01
   2.5983185e-01
   1.6279091e-01
   2.2757271e-01
   1.8754091e-01
