   3.1121214e-01
  -1.7657249e-01
  -1.3656460e-02
  -1.6076508e-01
   2.4755955e-01
   7.5692477e-02
   3.1347898e-01
   3.5205680e-01
   3.8734922e-01
   4.1628255e-01
  -1.7604509e-01
  -1.0953454e-01
  -1.8730885e-01
  -6.3617615e-02
   4.0415765e-01
   2.2567658e-01
   2.7024216e-01
   2.1907927e-01
   3.4642583e-01
   2.2250826e-01
   8.1029872e-01
  -1.7964564e-01
   1.1362543e-01
  -1.6056250e-01
  -2.0439661e-01
   1.3370956e-01
  -2.5174681e-03
   4.2871766e-01
   2.4540535e-02
  -8.5478692e-02
  -5.5301324e-02
   1.5541061e-01
   1.2187870e-01
   5.6723055e-02
  -1.3161057e-01
   5.1483544e-02
   3.3553903e-02
  -8.9515596e-02
   1.5199455e-02
   4.3484988e-02
   9.6702186e-02
   3.8398396e-01
   8.6551511e-02
   3.2818328e-01
   1.2186611e-01
   1.9930419e-01
   2.7591561e-01
   2.8735480e-01
   3.6046769e-01
   3.6239746e-01
   4.6770307e-01
   3.9115905e-01
   4.1243912e-01
   5.1237206e-01
   6.7640965e-01
