   6.8889198e-01
   7.7132919e-02
  -4.2840403e-02
  -5.5853322e-03
  -5.5262602e-02
   1.9599499e-01
  -2.0250467e-02
   1.1259511e-01
   1.5431745e-01
   6.2937640e-02
   1.2762392e-01
  -1.9820379e-02
   2.0698703e-02
   3.1617951e-02
   2.0642214e-01
  -1.8187519e-02
   1.2924087e-01
   1.5211748e-01
   1.8260032e-01
  -2.6143853e-01
  -2.8121555e-01
  -9.3535320e-02
  -2.0936229e-01
  -4.1232694e-01
  -1.6506393e-01
  -2.9290092e-01
  -2.9051556e-01
   9.2629592e-01
   5.9568131e-02
  -3.0807504e-03
   2.2523489e-01
   3.1837839e-01
   4.4685075e-02
  -2.2705747e-02
   1.0826533e-01
   3.1515435e-02
   9.1022374e-02
   2.8400792e-01
   1.5893251e-02
   1.5318867e-03
   2.6412041e-02
   1.5519631e-01
   6.6019648e-02
  -2.9367634e-02
   1.5464303e-01
   2.7759437e-01
  -6.8684433e-03
   1.0792195e-01
   3.9383998e-01
   2.8570942e-01
   5.5813076e-01
   7.4120577e-01
  -3.4575092e-02
  -7.4866967e-03
   7.5216199e-01
