   5.8921286e-01
   4.6097388e-01
   4.5689010e-01
   5.5421532e-01
   3.2276408e-01
   4.0312399e-01
   4.5572437e-01
   3.7917332e-01
   2.8754202e-01
   2.8114938e-01
   9.9183817e-02
   2.3129062e-01
   3.7269262e-01
   1.9466432e-01
   1.5711038e-01
   3.4291802e-01
   9.0923343e-02
   1.7187925e-01
   1.7529877e-01
   4.6996430e-01
   7.9058966e-01
   4.2860421e-01
   3.8006181e-01
   4.5037955e-02
  -6.9111588e-02
   9.7189959e-02
   2.7961892e-01
   6.2500749e-01
   1.7464937e-01
   2.0301428e-01
   9.1875703e-02
  -6.4787913e-02
   1.5278600e-01
   1.7313955e-01
   2.5152388e-01
   3.3025065e-01
   2.3043864e-01
  -1.8270509e-01
   3.5461014e-02
   2.0633856e-01
   2.1690353e-01
   1.4083750e-01
   1.4097159e-02
   2.0313369e-01
   9.5512040e-02
   2.3956633e-01
   2.4986062e-01
   2.0124422e-01
   2.5277111e-01
   1.9282475e-01
   9.2769416e-02
   1.7039308e-02
   1.2562846e-01
   1.9150258e-02
   3.7946007e-01
