   5.3983002e-01
  -5.2632277e-02
   1.0827306e-01
   5.3686228e-01
   2.6422908e-01
   3.4260636e-01
   4.8161933e-01
   1.0476655e-01
   1.6818631e-01
   1.6699482e-01
   4.5912756e-02
  -5.1721962e-02
   6.5840259e-01
  -7.4792507e-02
   2.3527158e-01
   4.8692269e-01
  -1.3199623e-02
   1.4644361e-01
   1.6881842e-01
   5.6451861e-01
  -2.3575011e-02
   2.0029194e-01
  -1.9611376e-01
  -1.7097203e-01
   3.3423972e-02
   1.0789449e-02
  -5.0899154e-02
   1.4793023e-01
   3.0457486e-01
  -9.3936356e-02
   5.4572521e-02
   1.7079656e-01
  -1.3407500e-01
  -2.4175182e-01
   1.6134249e-01
   2.1608444e-01
   6.0639383e-01
   3.1171995e-01
   2.0233592e-01
   1.3879726e-01
  -7.3149327e-02
  -1.7368605e-03
   4.9257147e-02
   4.3420524e-02
  -1.3538818e-02
   3.7930008e-01
   2.9856414e-01
   3.2731689e-01
   4.1214034e-01
   1.3356235e-01
   3.0430640e-01
   3.0209246e-01
   1.2040388e-01
   2.6403739e-01
   4.2738770e-01
