   3.5971451e-01
   2.0126833e-01
   1.7449183e-01
  -2.2132858e-02
   2.7606579e-01
   3.1576462e-01
   2.6186199e-01
   2.6598798e-02
   3.9668129e-01
   2.2757278e-01
   1.0427612e-01
   2.0597799e-01
   3.8184073e-02
   2.3197538e-01
   3.2512490e-01
   2.3228307e-01
  -9.9599444e-02
   1.9814251e-01
   6.9853737e-02
  -7.7723241e-02
  -7.2456907e-02
  -2.6292311e-01
   1.1329532e-01
  -4.9122131e-01
  -4.6792392e-01
   1.6980232e-01
   1.7835980e-01
   5.7433260e-01
   2.0517361e-01
  -3.4064856e-02
   5.5211064e-01
   3.3579708e-01
   1.7046148e-02
   2.9465439e-03
  -1.4781649e-01
  -8.0236105e-02
   1.4843779e-01
   4.7041622e-01
  -1.0349183e-01
  -5.9401894e-02
   1.9004833e-01
   5.4575477e-01
   2.5144507e-01
   8.4346515e-02
   6.5437283e-02
   1.6433398e-01
  -6.2099404e-02
   3.5609328e-01
   3.1061812e-01
   3.7744225e-01
   1.7633618e-01
   9.6201711e-02
   4.7729929e-02
   2.9765900e-02
   8.3853608e-01
