   4.4430654e-01
   3.0455731e-01
   3.3921080e-01
   2.8168321e-02
   1.7374557e-01
  -7.1702807e-02
  -1.2751322e-01
  -1.4951611e-01
   1.0759568e-01
   2.0668306e-01
   2.2922541e-01
   2.6023869e-01
   1.4768322e-01
   1.6140728e-01
   3.9253084e-03
   7.2039761e-03
  -2.9023772e-02
   2.4995838e-01
   2.0754543e-01
   3.4675493e-01
  -7.0907911e-02
   3.0616449e-01
   1.8106140e-02
  -1.7485843e-01
  -4.3988281e-01
   1.9029223e-01
   1.6769868e-01
   3.6121502e-02
  -9.2604502e-02
  -2.8861815e-02
   9.7067178e-02
   6.3356964e-02
   2.6470034e-01
   1.2198606e-01
   1.1891348e-01
  -8.7306926e-03
   8.9804303e-02
  -1.6222515e-01
  -7.4701427e-02
   7.3778550e-02
   5.7338897e-02
   5.7444852e-02
  -1.4349022e-01
  -8.4666243e-02
   1.6818240e-01
   1.4714617e-01
   7.1954687e-02
   4.9138792e-02
  -9.7777838e-03
   4.6865818e-01
  -4.4821125e-02
  -2.1163052e-01
   1.4583106e-01
  -2.3530830e-01
   2.0041091e-02
