   5.5672608e-01
   2.0146117e-01
  -6.7733842e-03
   5.8554929e-03
  -1.0055487e-01
   2.0884957e-01
   2.7966432e-01
   1.5263188e-01
   2.3685858e-01
   3.1962338e-01
   1.3751170e-01
   1.4745371e-02
   8.3779938e-02
   2.7129511e-02
   1.4870607e-01
   2.1796796e-01
   1.4173836e-01
   9.6962924e-02
   8.6657870e-02
   1.4759954e-01
   1.4298993e-01
   5.5246059e-01
   6.6998695e-02
   2.1183732e-01
   3.0541675e-02
   7.8320536e-02
   1.0985234e-01
   5.5175823e-01
  -2.0953221e-02
   1.4030842e-01
   3.9666277e-01
   4.7415251e-01
   1.3326452e-01
   6.4580594e-02
   1.8455468e-01
   2.6373755e-01
   5.8103974e-01
   2.5388914e-01
   3.2249833e-01
   3.9670239e-01
  -3.6419422e-03
   7.4368384e-02
  -1.0678912e-01
   5.0010161e-02
   1.5500507e-01
   3.2550061e-01
   2.9723645e-01
   2.6403173e-01
   3.9294637e-01
   5.3129675e-01
   6.9167578e-01
   7.9869667e-01
   4.2221402e-01
   4.9023334e-01
   8.4243035e-01
