   2.4385458e-01
   2.1869042e-01
   4.4161794e-01
   2.8730581e-01
   1.6355483e-01
   7.6359393e-02
   3.0357108e-01
  -1.6439360e-02
   1.8786779e-01
  -6.3094004e-02
   4.0444267e-01
   6.9085957e-02
   2.8703360e-01
   1.1828219e-01
   1.4302302e-01
   1.0228473e-01
   3.4953605e-02
  -2.1778745e-02
  -5.0315952e-02
   2.8443483e-01
   7.8850444e-02
   2.4813957e-02
  -1.2803892e-01
  -8.1885868e-02
  -1.0897805e-01
  -9.4447645e-02
  -1.2294362e-01
   6.1483388e-01
   6.1889539e-02
  -2.0544436e-01
   3.6302512e-01
  -3.2590614e-01
  -6.5856468e-02
  -2.6686629e-01
   1.6463476e-01
   5.0116745e-02
   1.8340536e-01
  -1.6188931e-01
   2.8345462e-03
   3.6445385e-02
   1.7243425e-02
   1.6062721e-01
   2.1464201e-01
   6.9765624e-02
   6.6045670e-02
  -2.0068225e-01
   8.3072601e-02
   1.6697996e-01
   1.8635085e-01
  -5.7459556e-02
   1.8353308e-01
  -6.4784510e-02
   1.4306192e-01
   3.0902272e-01
   3.5773245e-01
