   2.0407048e-01
   2.0203127e-01
   3.6794785e-02
   1.6027119e-01
  -2.0479888e-01
   2.7072320e-01
  -5.2593168e-02
   1.1627410e-01
   1.6294634e-01
   5.1864849e-02
  -1.9724875e-01
  -8.5617609e-02
   1.5926607e-01
   5.2528364e-02
   1.6050010e-01
   2.0682148e-01
   1.5995806e-01
   2.2800670e-01
   4.1573694e-01
   2.6436371e-01
   1.5163207e-01
   1.9833981e-02
  -1.1561723e-01
  -7.9924824e-02
  -1.4838210e-01
  -1.3948311e-01
  -1.9498139e-02
   6.1124730e-01
  -2.8298960e-02
  -2.5727822e-02
  -1.0184751e-01
   2.3514314e-01
  -7.1501609e-02
  -9.4061239e-02
   3.4046509e-02
  -1.9595906e-02
  -7.1748619e-02
   3.1984859e-01
  -2.6118450e-02
  -2.3017524e-02
  -9.1301740e-02
   3.2548875e-01
   1.8661542e-02
   1.4646821e-01
   1.9568057e-01
   4.4459430e-02
   9.6450146e-02
   3.1261208e-02
   3.0242017e-01
   2.9238524e-01
   3.1292497e-01
   2.8916201e-01
   2.5483006e-01
   6.6104609e-02
   3.5677391e-01
