   2.4613937e-01
   1.9904068e-01
   5.6407947e-02
   1.8544264e-01
   3.0558638e-01
   2.4358837e-01
   3.7644305e-01
   2.5281748e-01
   1.1460340e-01
   6.7549863e-02
   2.0798894e-01
   1.1525189e-01
   1.3385740e-01
  -3.7925884e-02
   1.9701083e-01
   1.9038159e-01
   2.3186325e-01
   1.9681928e-01
   3.2152622e-01
   1.5125943e-01
   4.0973732e-01
   2.2665625e-01
   1.9876172e-01
  -8.8834628e-02
  -3.2936672e-02
   4.4928913e-02
   1.8853297e-01
   3.4651385e-01
   6.0235818e-02
  -2.2445745e-02
   3.8454178e-02
  -5.3727872e-02
  -2.4120358e-01
   1.3934910e-01
   3.1090387e-01
   3.1913719e-01
   2.2199525e-01
   1.0625457e-01
   6.6576393e-02
   7.3708579e-02
   1.5944660e-01
   3.4827113e-01
   2.3928828e-01
   2.5888433e-02
   4.4375331e-02
   3.3467505e-01
   3.0539584e-01
   2.6914567e-01
   2.6984623e-01
   7.2926846e-01
   2.1858165e-01
   1.6392098e-01
   1.8297895e-01
   1.3915160e-01
   4.9140736e-01
