   4.8615162e-01
   2.3161105e-01
   2.3684372e-01
   1.0839265e-01
   1.7693531e-02
   8.5223777e-02
  -3.3665968e-02
   6.1253890e-02
  -1.1610408e-01
   6.3325784e-02
   5.2711704e-01
   4.1366581e-01
   2.5861627e-01
   1.1402814e-01
   2.1173227e-01
   1.5455809e-01
   5.0755411e-02
  -5.0504517e-02
  -4.2246180e-02
   7.1327606e-01
   3.1757894e-01
  -1.0926775e-01
   2.6193123e-01
   1.8743858e-01
   3.0731663e-02
   5.1991843e-02
  -1.2933900e-02
   3.1504415e-01
  -3.1577714e-02
   2.7069895e-01
  -1.7368733e-02
  -5.6337767e-03
   3.8835385e-02
   5.5521177e-02
  -3.8758767e-02
   1.2770246e-01
  -2.0140889e-01
  -2.2129072e-01
  -2.2725124e-01
  -1.3508443e-01
   1.3412847e-01
   4.1146640e-01
   4.8230456e-01
   1.0900724e-01
  -8.7810206e-02
   1.3669159e-01
   1.5907755e-01
   2.0348231e-01
   1.2613896e-01
   6.6199873e-01
   2.4021325e-01
  -6.0944621e-02
   3.4046867e-01
   4.6621908e-02
   2.8536217e-01
