   1.6041670e-01
   5.7050894e-02
   6.3030516e-02
   1.0089910e-01
   1.9615842e-01
   2.6490737e-01
   3.0622720e-01
   2.9281868e-01
   2.4813016e-01
   3.5081803e-01
   4.4591722e-03
  -4.3766360e-02
  -1.9215189e-02
   2.8240331e-02
   1.0555508e-01
   1.1821847e-01
   1.7414962e-01
   2.4290499e-01
   1.4601898e-01
   9.4545330e-01
   1.6904273e-01
  -4.4096497e-01
  -1.4390371e-01
  -3.7936981e-01
  -2.7878287e-01
  -2.1553410e-01
  -3.4062679e-01
   3.1096974e-01
  -3.7507937e-01
  -5.6857197e-02
  -2.0498316e-01
  -1.2479544e-01
  -1.6909533e-01
  -3.6468689e-01
   4.7433849e-02
   1.0227738e-01
   3.6491579e-01
   3.5766846e-01
  -8.1341180e-03
   7.7793711e-03
   1.9202976e-01
   5.5753728e-01
   4.5394531e-01
   2.1169483e-01
   4.3577959e-01
   4.4746859e-01
   1.9354377e-01
   2.2664139e-01
   3.9062693e-01
   1.0120703e+00
   4.9182259e-01
   7.6413049e-01
   4.3821409e-01
   5.1786256e-01
   7.6597540e-01
