   3.9490251e-01
   2.6375916e-01
   7.7004432e-01
   2.1743441e-01
  -1.7387879e-01
   3.7435645e-01
  -2.8435795e-01
  -3.2915296e-01
   2.6621330e-02
  -3.4565982e-02
   6.8421631e-02
   3.9410114e-01
   3.5009865e-01
  -1.5268813e-01
   1.0341911e-01
   8.1888980e-02
   4.4460757e-02
   3.1531211e-01
   2.6807217e-01
   1.9330307e-01
  -6.7326391e-03
   3.3690972e-01
   2.4457664e-01
  -5.8717709e-02
  -1.2686754e-01
   1.2244495e-01
  -7.5345095e-02
   4.8800757e-01
  -2.3907670e-01
   4.0012113e-01
  -1.5110902e-01
  -1.4162343e-01
   1.8958927e-01
   7.7039434e-02
  -2.4182412e-01
   2.0493099e-01
   1.7919274e-01
   2.7176180e-01
   9.2983390e-02
   1.8238508e-01
  -8.6306764e-03
   7.2838632e-03
  -1.1573800e-02
  -1.0212472e-01
  -3.2093911e-02
  -2.7382823e-01
  -8.4915051e-02
   6.6846473e-02
  -1.0218132e-01
   4.8854528e-01
   3.9884519e-01
   3.0740426e-01
   1.2188861e-01
   1.2149738e-01
   3.6519616e-01
