   5.5887835e-01
   5.7460996e-01
   3.6976380e-01
   1.4468755e-01
   2.4177315e-01
   1.8399414e-01
   1.3541420e-01
   4.8128664e-01
   1.6475065e-01
  -1.9214682e-01
   3.4526429e-01
   2.5787659e-01
   2.6986310e-01
   3.3466626e-02
  -1.9888179e-02
   2.5690980e-01
   4.1335691e-01
   8.6487786e-02
  -1.1250552e-01
   3.1989945e-01
   2.3088702e-01
   2.4656330e-01
   1.9886504e-01
  -3.1390807e-02
   1.8382263e-01
   1.3218348e-01
  -1.9293354e-01
   4.0598260e-01
   2.5386261e-01
   2.6860193e-01
   1.8453718e-01
   4.8310728e-01
  -2.0229202e-02
  -9.3522535e-02
   7.3555876e-02
   1.1894693e-01
   3.1593839e-01
   1.1304378e-01
   8.2381944e-02
  -5.7780330e-02
   1.8746712e-01
  -3.8437550e-02
   2.3022266e-01
   2.3477858e-01
   2.0289909e-02
   2.6186630e-01
   8.6815080e-02
   5.4055421e-02
   6.5891400e-02
   4.2339630e-01
  -3.4877879e-02
   9.0247905e-02
   1.7783666e-01
  -7.4644276e-02
   6.4293122e-02
