   3.3759143e-01
   6.4834537e-02
  -1.5379426e-03
   3.2827814e-02
  -1.0264784e-01
   1.7484808e-01
  -9.0329773e-02
  -2.2372413e-02
   1.2375072e-01
  -6.0231346e-02
   7.3522077e-02
   1.8927383e-03
   1.5226294e-01
  -1.5191920e-01
   1.0431170e-01
   1.3727570e-01
   4.9814243e-02
   2.3648280e-01
   4.6124788e-02
  -1.5384708e-01
  -1.0940541e-01
   3.7763185e-02
  -2.0077107e-02
   7.3043079e-02
  -3.1652216e-01
   9.8833263e-02
   1.0440146e-02
   5.6116656e-01
   1.8719858e-01
   6.1510427e-02
   2.2349922e-01
   1.6846025e-01
   2.0495246e-01
   1.3939374e-01
   1.9630094e-01
   6.2883439e-02
   2.4307660e-01
   2.7552038e-01
   2.8073084e-01
   2.6091438e-01
  -1.8206441e-01
   1.5982115e-01
   2.1211942e-01
   1.4465088e-01
   3.5151315e-02
   4.0674920e-02
   1.0256427e-01
   5.4645832e-02
   1.3740722e-01
   6.5309421e-01
   2.1806805e-01
   3.8560224e-01
   1.0306623e-01
   3.2768849e-01
   2.7468363e-01
