   3.4606537e-01
   6.8038537e-01
   1.7323066e-01
   1.4617776e-01
   2.0076415e-01
   2.8498012e-02
   2.6045858e-01
   1.1187314e-01
   5.7461984e-02
   6.2855227e-02
   3.9414205e-01
   2.4850520e-01
   3.8818852e-01
   1.9198598e-01
  -1.9481313e-02
   5.4141378e-01
   2.0684066e-01
   1.9737780e-01
   1.8782829e-01
   2.4027821e-01
   3.6382023e-01
   1.1525309e-01
  -9.9209021e-02
   1.5636594e-01
   2.0874358e-02
   9.0559503e-02
   9.3737156e-02
   1.5176497e-01
   2.9312211e-01
  -1.5480255e-01
   1.9296350e-01
   2.5818738e-01
   6.1478478e-02
  -8.6212805e-03
  -1.0412710e-01
   1.0195531e-01
   1.6942958e-01
  -7.5371707e-02
   2.3376950e-01
   2.0569283e-01
   2.2973349e-02
   2.0340578e-01
   1.9801442e-01
   5.6469246e-03
  -3.3555552e-02
  -4.9475600e-03
   8.7955651e-03
   5.5832953e-02
   6.4394586e-02
   5.7131578e-01
   2.7461492e-01
   1.6086460e-01
  -8.0102777e-03
   3.5651040e-02
   4.2250587e-01
