   5.5975473e-01
   2.6381964e-01
   1.5752276e-01
   2.6030943e-01
   2.3737216e-01
   3.6435119e-01
   5.8297177e-01
   9.1632922e-02
   4.2139532e-02
   1.0593860e-01
   1.3165766e-01
   8.3195121e-02
   3.5823507e-02
   1.7506975e-01
   2.9107061e-01
   5.2477178e-01
   9.0957270e-02
   7.8288625e-02
   2.6275003e-01
   1.9723941e-01
   4.8937626e-01
   1.2795969e-01
   8.4208217e-03
   2.2640833e-01
  -2.3236319e-02
   1.0976607e-01
   4.4373833e-02
   4.7172792e-01
   1.2466245e-01
   1.4920363e-01
   1.7972735e-01
   2.9094155e-01
   2.1917018e-01
   2.4167734e-01
   2.3952577e-01
  -3.0726519e-02
   2.8017817e-01
   2.4333552e-01
   1.3032430e-01
   8.7517500e-02
   9.2376280e-02
   5.0635184e-01
   4.2734408e-01
   1.1948533e-01
   2.0496632e-01
   1.9550329e-01
   8.4907728e-02
   9.8244118e-03
   1.2070968e-01
   2.4592724e-01
   1.8420946e-01
   2.2254180e-01
   1.1297212e-01
   1.9661510e-01
   4.6082507e-01
