   5.2161819e-01
   2.6939697e-02
   1.2066330e-01
   8.4146865e-02
  -8.3907793e-02
  -3.1531418e-02
   8.2656288e-02
  -6.2490592e-02
   1.7866903e-02
   2.6658510e-02
   5.3413850e-03
   1.0770274e-01
   6.9543993e-02
  -1.0651960e-01
   9.5409644e-02
   2.0346266e-01
   8.6457327e-02
   2.4830915e-01
   1.6087911e-01
   4.3223869e-01
  -1.8958240e-01
   8.6923259e-01
  -8.3344296e-03
   3.1462578e-02
  -2.3666852e-01
  -2.0583661e-02
  -3.5281649e-02
   4.2338893e-01
   2.1189262e-01
   7.5150373e-02
   2.5403685e-01
  -7.9472603e-03
   5.2258861e-02
   2.5002256e-01
  -1.2343945e-01
   2.1944808e-01
   1.0343585e-01
   2.7161378e-01
   1.0309748e-01
   4.3064863e-01
  -5.1406314e-02
  -8.8646444e-02
  -2.6049055e-01
   5.5427717e-02
  -1.0556128e-02
   2.4050756e-01
   2.5754819e-01
   9.5312922e-02
   7.2389507e-02
   1.4568619e-01
   6.0469533e-02
   1.8240641e-01
   2.0181636e-01
   1.1215715e-01
   2.9778518e-01
