   2.0815473e-01
   2.1332659e-01
   3.4042919e-01
   2.2427316e-01
   2.8603240e-01
  -3.6983418e-02
   2.4214969e-01
   3.5703210e-01
  -1.7105765e-01
   5.8078884e-02
  -1.7492887e-02
   2.5868737e-01
   3.6958341e-01
  -8.6643773e-03
  -1.0166369e-01
   3.0357416e-01
   2.2460756e-01
   2.6601769e-02
   2.3746590e-01
   3.1258551e-01
   2.3296220e-01
   1.1119476e-01
  -8.3224611e-02
  -1.7769698e-01
  -2.7497597e-02
  -1.7281224e-01
  -7.9241161e-02
   2.0224115e-01
   2.1065160e-01
   1.3941928e-01
   1.0017879e-01
   4.4763040e-01
  -4.8935233e-03
   6.6927822e-02
  -2.3989109e-01
  -1.6045143e-01
   3.0217497e-01
  -1.6090817e-02
   3.9493917e-02
   6.5691068e-02
   6.7782716e-03
   9.2594896e-02
   2.3409180e-01
  -1.5863083e-01
  -4.4896147e-02
   1.2875124e-01
   2.4200710e-01
   3.3835861e-01
   1.1567629e-01
   3.8584134e-01
   1.3230869e-01
   1.1592406e-01
   1.6023507e-01
   8.4363458e-02
   2.3501852e-01
