   3.5585306e-01
   1.3326510e-01
   1.5213464e-01
   2.7902246e-01
   2.0586284e-01
  -8.8312625e-02
   2.1797441e-01
   1.2609141e-01
   9.8726190e-03
   7.6606874e-02
   2.4408168e-01
   2.5203421e-01
   1.4052783e-01
   2.6714315e-01
   5.6339108e-02
   2.4822798e-01
   5.4602766e-02
   3.7888189e-02
   8.7723417e-02
   4.4707206e-01
  -2.3892252e-01
   1.4571940e-01
   3.4510742e-02
  -2.1231849e-02
  -5.2217505e-01
  -1.7049892e-01
   9.9397796e-03
   2.9033353e-01
  -2.7639330e-02
  -8.6459199e-02
   1.4257888e-01
  -2.7087967e-01
  -8.4864994e-02
   2.7518699e-01
  -2.3303043e-03
  -3.1177542e-01
   1.0327085e-01
   3.3685139e-01
  -8.3273299e-02
   8.8086105e-02
   1.1587270e-01
   5.0132201e-01
   1.9839073e-01
   3.5850546e-03
   2.4540440e-02
   2.0377809e-01
   2.1536091e-01
   3.5176339e-01
   1.7189923e-01
   3.9741439e-01
   2.7859924e-01
   2.3881887e-01
   1.7040668e-01
   8.4826138e-02
   3.3450891e-01
