   4.4734410e-01
  -1.0564585e-01
   1.6292999e-01
   2.9331947e-01
   2.1690088e-01
   4.1641759e-01
   3.8503147e-01
   7.1985021e-02
   3.1807424e-01
   3.7556156e-01
  -8.9942447e-02
   2.3293831e-01
   2.1626107e-01
   1.0857422e-01
   3.5973237e-01
   4.1788576e-01
   9.2323273e-02
   3.2058021e-01
   4.2718178e-01
   5.9600447e-02
   1.0379065e-02
   1.5420612e-01
   1.4040686e-01
  -1.2182184e-01
  -8.9607143e-02
  -1.9287830e-01
  -3.7023427e-02
   6.9645509e-01
   1.8246646e-01
  -3.0036144e-02
   3.7239714e-01
   2.5840535e-01
   2.4227974e-01
   4.3291560e-02
   1.4125339e-01
  -6.2977894e-02
   4.7506367e-01
   4.3743649e-01
   1.7361083e-01
  -4.8567453e-02
   3.5232018e-01
   4.5576045e-01
   2.1913077e-01
   4.2280999e-02
   2.1884304e-01
   2.9275406e-01
   7.5149307e-02
   3.5074803e-01
   6.1243387e-01
   4.5072874e-01
   3.8774550e-01
   3.7386238e-01
   8.0360397e-02
   7.0498078e-02
   6.0521204e-01
