   3.1128478e-01
   1.4930865e-01
   1.0040274e-01
   3.5860903e-01
   3.0396586e-01
   2.0369137e-02
   2.0253340e-01
   5.9740460e-02
  -5.9380267e-02
   1.5963592e-01
   2.8725242e-02
  -1.7031997e-02
   2.0915251e-01
   6.2961094e-02
   2.1305374e-01
   5.1530446e-02
  -1.4346499e-02
   8.0474537e-02
  -1.7616170e-02
   6.3493633e-01
   5.1065502e-02
   3.7154111e-01
   2.2602117e-02
   6.3186913e-02
   6.1342823e-03
  -2.6841647e-03
   1.7002146e-02
   2.1017549e-01
   5.5239824e-01
   6.8303955e-02
   1.6654257e-01
   9.4300002e-02
   1.7146812e-01
  -2.7473081e-03
   1.5144819e-01
   1.7161511e-02
   1.4342710e-01
  -2.9679972e-02
   1.6969798e-01
  -4.8416766e-02
   1.2446090e-02
   4.4345240e-01
   1.3161466e-01
   1.7123808e-01
  -3.9951165e-02
   7.6091180e-02
   1.2057136e-01
   1.4026791e-01
   3.1738904e-01
   5.6194524e-01
   3.6215686e-01
   3.9413678e-01
   2.3399227e-01
   2.8878705e-01
   1.8785048e-01
