   4.1526495e-01
   2.2420726e-01
   3.7864421e-01
   2.4354744e-01
   4.3292113e-01
   1.2042720e-01
   3.8999293e-01
   2.9756962e-01
  -1.0252385e-01
   9.9630951e-02
   2.6818354e-02
   2.2182186e-02
   2.6882258e-01
   1.5126568e-01
   8.0920693e-02
   3.3066179e-01
   1.4494250e-02
  -2.4492773e-02
   2.5743050e-02
   7.3116379e-01
   1.9067218e-01
   4.0528649e-01
   4.5611478e-01
   3.0107316e-03
  -2.6794457e-02
   3.3265148e-02
   8.8855456e-02
   5.0137728e-01
   4.4903188e-01
   2.5411820e-01
   1.9602058e-01
   8.6045131e-02
  -8.5866658e-02
   3.6475441e-02
   3.1054286e-01
  -5.4693552e-02
   5.5504726e-01
  -3.8827799e-03
  -1.0590322e-02
   8.3998256e-03
   9.8700030e-02
   5.2544981e-01
   1.1607089e-01
  -2.0466162e-01
  -1.0872994e-01
   8.8389802e-04
   3.5883144e-03
  -1.2976768e-01
   2.6324044e-01
   2.5909328e-01
  -3.8146702e-02
   6.0608496e-03
   1.0412290e-01
   1.4614579e-01
   1.6968947e-01
