   2.4670296e-01
   2.2093672e-01
  -2.3917262e-02
   1.8457174e-02
   1.5600261e-02
   2.1124103e-01
   2.4944546e-01
  -1.3140491e-01
  -8.8567503e-04
   1.4211201e-02
   6.9797606e-02
   1.4576942e-01
   1.3305059e-02
  -1.4888597e-01
   1.2544153e-01
   2.7613720e-01
   6.5826109e-03
  -1.5292815e-02
   4.4852379e-03
   1.0692674e-01
  -2.2423431e-01
   8.1519059e-02
   1.5015416e-01
   1.2739603e-01
  -2.6096850e-01
   2.5536111e-02
  -6.3560753e-02
   1.1117466e-01
   2.4502641e-01
   1.0504401e-01
  -2.8578151e-02
  -4.0248396e-02
   2.2717933e-01
   1.9802881e-01
  -9.2463537e-02
   1.0077672e-01
   1.6014364e-01
   3.4499428e-01
   1.9735655e-01
   2.0764272e-01
   7.3973406e-02
  -8.1479918e-02
  -9.9101194e-02
  -3.7084365e-02
   9.3196431e-02
   8.1842303e-02
   5.9294801e-02
   6.3936621e-03
   6.4825639e-02
  -2.5930815e-02
  -3.4535997e-02
   1.6479269e-01
   1.7855127e-01
   2.3695068e-01
   2.7445400e-01
