   4.7079694e-01
  -1.7042025e-01
   5.5884015e-01
   4.5463851e-01
   1.4152731e-01
   5.5220493e-02
   3.5434693e-01
   4.5771079e-01
   1.6472280e-01
   2.0614422e-01
  -9.7226223e-02
   3.4536643e-01
   3.9929795e-01
   1.8063552e-01
   1.1770920e-01
   4.5945840e-01
   4.1715182e-01
   3.0385872e-01
   2.3804237e-01
   3.3527105e-01
  -1.3468573e-01
  -7.8507570e-02
   1.0352578e-01
  -1.6817532e-01
   1.2521658e-01
   1.1771816e-01
   1.3715143e-01
   4.2870984e-01
   2.4812763e-01
   1.7228346e-01
   3.8810312e-01
   3.4198972e-01
   3.3380713e-01
   2.9596397e-01
   2.0837873e-01
   2.0197250e-01
   3.2933133e-01
   1.8423902e-01
   6.2613779e-02
   1.3284667e-01
  -8.1418169e-02
   2.6448708e-01
   1.7289436e-01
   9.4006658e-02
   3.4811714e-02
   3.1946484e-01
   2.3375283e-01
   1.7171675e-01
   3.4984543e-01
   4.5599403e-01
   3.8691515e-01
   6.0975193e-01
   3.0612044e-01
   4.3459482e-01
   5.4717650e-01
