   5.4841869e-01
   2.6260899e-01
   1.3353290e-01
   1.0677840e-01
   1.8279207e-01
   1.5461321e-01
   4.2432927e-01
   2.2615000e-01
   2.4005679e-01
   2.6094646e-01
   1.1599253e-01
   1.9197941e-01
   2.8431201e-01
   3.5467851e-01
   5.1344143e-02
   4.5663803e-01
   2.5774511e-01
   2.3778751e-01
   2.1631010e-01
   8.6637832e-02
  -8.1017375e-02
  -2.7575024e-02
   1.2595388e-01
   1.5309942e-01
   5.4464787e-02
   2.2391633e-01
   2.6679212e-02
   7.0449993e-01
   2.3508513e-01
   1.9154163e-01
   5.0883033e-01
   2.1001722e-01
   1.5047962e-01
   1.5013768e-01
   3.5655384e-01
   1.9572114e-01
   4.3434835e-01
   4.7703921e-01
   2.5523366e-01
   2.0432702e-01
   2.4239372e-02
   6.9198503e-01
   3.2882408e-01
   4.3402238e-01
   4.9409595e-01
   1.4694920e-01
   1.6070771e-01
   6.1780444e-02
   1.0407991e-01
   4.9672641e-01
   5.2059205e-01
   5.9412958e-01
   5.5264494e-01
   2.1377806e-01
   3.2855343e-01
