   3.8553966e-02
   7.3529418e-02
   2.5177744e-02
   1.0001988e-01
   2.3247841e-01
   3.4504040e-02
   3.6947858e-01
   3.5622973e-01
  -4.7200766e-03
   2.2960151e-02
   5.9567533e-02
  -1.7200542e-01
   7.9526342e-02
   2.4233551e-01
   7.2047274e-02
   2.8408958e-02
   6.2413765e-02
   8.3597210e-02
  -4.3695971e-02
   3.9086088e-01
   5.2478385e-02
   4.7172236e-01
  -1.6111846e-01
  -2.8118910e-01
  -3.1765220e-01
  -1.2683956e-01
  -2.1560054e-01
   2.6958136e-01
   5.8076411e-02
  -2.6265926e-01
  -1.6406272e-01
  -1.6839168e-01
  -6.2690022e-02
  -1.2806282e-01
   1.0179737e-01
   6.1900364e-02
   2.1061562e-01
   1.9591460e-01
   2.8684441e-02
  -1.2108188e-01
  -5.7315254e-02
   4.3626777e-02
   1.6734792e-01
  -1.3792001e-03
  -1.0635354e-03
   2.0166210e-01
   1.7141608e-01
   4.5254053e-02
   5.5243872e-02
   5.4381716e-01
   7.9412398e-02
   2.2094023e-01
   1.2927501e-01
   1.1266968e-01
   3.6077614e-01
