   5.5274323e-01
   2.8564743e-02
   1.2221011e-01
   2.7763958e-01
   4.0545505e-01
   2.1965218e-01
   4.1447047e-01
   4.2587407e-01
   1.7430556e-01
   1.4829526e-01
   8.6007419e-02
   9.0086406e-02
   3.0061064e-01
   2.8023506e-01
   3.4758594e-01
   3.4672773e-01
   3.5808932e-01
   1.4416038e-01
   1.6896996e-01
   2.6701305e-01
   1.4198448e-01
  -1.1227999e-01
   9.4096758e-02
   1.3151404e-01
   2.0704631e-01
  -1.0301318e-01
  -1.3242578e-01
   3.3748452e-01
  -1.6321602e-01
   2.8748760e-01
   1.1305130e-01
   3.3895715e-01
  -3.8759501e-02
  -9.0589865e-03
   1.4916701e-01
   3.3202646e-01
   5.2017419e-01
   1.7555387e-01
   5.5012772e-02
   1.8097942e-01
   5.5169219e-02
   5.8919470e-01
   2.5681709e-02
   3.8887711e-02
   3.7107922e-01
   2.4310664e-01
   1.3283482e-01
  -1.2689015e-01
  -4.6771451e-02
   5.1909743e-01
  -1.7379312e-02
   1.8658015e-01
  -1.2492003e-01
  -9.5388420e-02
   2.2608258e-01
