   3.2946814e-01
   1.5331568e-01
   4.6828612e-02
   7.6169836e-02
   5.1551972e-02
   9.3342645e-02
   4.2054567e-01
   3.2265544e-01
   1.7429133e-01
   3.0003427e-01
   2.9532028e-01
   1.3822288e-01
  -7.7939892e-04
   1.1614138e-01
   1.6194691e-01
   1.0220227e-01
  -5.6693097e-02
   2.6107824e-01
   1.8414658e-01
   3.5391044e-01
   5.8388786e-02
  -6.7427558e-02
   4.2968118e-01
   3.1701907e-01
  -6.9441597e-02
   4.3678111e-02
   1.6273809e-01
   2.0107720e-01
  -9.7585997e-03
   4.9342070e-02
   2.2633032e-01
   1.2037223e-01
   7.9475342e-02
  -6.1897552e-02
   7.9800207e-02
  -7.7069149e-02
   1.5589115e-01
   1.2595968e-01
   4.8706703e-03
   9.6640700e-02
   2.4803194e-01
   1.5183945e-01
  -4.1196680e-02
   4.5863621e-01
   4.6620679e-01
   3.7223497e-01
   3.0203008e-02
   1.7767248e-01
   3.9145159e-01
   7.6559300e-01
   3.0635040e-01
   4.9334956e-01
   1.8336541e-01
   2.9398058e-01
   8.8499010e-01
