   2.8632850e-01
   4.7073770e-01
   4.5540468e-01
   2.1185479e-01
   2.5468042e-01
   3.4959583e-01
   3.7234522e-01
   2.1195621e-01
   2.1883386e-01
   1.0155519e-01
  -3.9831335e-02
   1.0374591e-02
   7.1443996e-02
   1.0790334e-01
   2.1489453e-01
   3.0900137e-01
   2.9520749e-01
   1.5567129e-01
   1.1674351e-01
   6.6834571e-01
  -4.9686620e-03
   2.6078870e-01
   1.8983515e-01
   6.1233806e-03
   1.7640038e-01
  -6.7613257e-03
   1.4111996e-02
   4.1124294e-01
   4.0177302e-01
   3.3022364e-01
   2.2218533e-01
   3.6367879e-01
   3.0132999e-02
   1.1773743e-02
   1.8671578e-01
   3.3796263e-01
   1.6263991e-01
   5.4800165e-02
   2.3751477e-02
   1.3888853e-01
   2.4092428e-01
   4.1724872e-01
   2.9571684e-01
  -2.7435519e-02
   2.2900005e-03
   2.8433101e-01
   2.3626523e-01
   1.3945337e-01
   2.2681448e-01
   4.7722601e-01
   1.3170451e-01
   4.5869196e-02
   8.8067073e-02
  -1.2524394e-01
   3.1240662e-01
