   5.4930754e-01
  -7.8838744e-02
   3.2785077e-02
   2.9588588e-01
  -1.7476453e-02
   1.7102872e-01
   2.9547741e-01
   2.7646034e-01
   9.2538631e-02
   2.7062966e-01
   2.4304600e-01
   1.8784610e-01
   2.6339964e-01
   3.1035413e-02
   2.2512307e-01
   2.4129463e-01
   1.7638380e-01
   1.0950652e-01
   1.9710314e-01
   6.5856263e-01
   3.8964265e-01
   3.5628988e-01
   8.5382832e-02
   1.5863406e-01
  -3.8089035e-01
   6.3395652e-02
  -2.4488590e-02
   4.7588799e-01
   4.5140646e-01
  -4.3487017e-02
  -2.8598971e-03
  -1.6507177e-01
  -5.3397922e-02
  -7.7679237e-02
   1.0054083e-02
  -5.0728211e-02
   6.0278619e-02
   4.5675423e-02
  -7.4027152e-02
  -4.0296754e-02
  -1.5405842e-01
   1.5575874e-01
  -3.3167667e-01
   1.0952533e-01
   8.8248566e-02
   3.6559683e-01
   2.3585785e-01
   2.5591598e-01
   3.0369654e-01
   3.2943217e-01
   2.4249864e-01
   3.4511943e-01
   2.0620166e-01
   1.6256586e-01
   5.8760277e-01
