   5.9117612e-01
   4.0520365e-02
   1.2322730e-01
   2.3006309e-01
   2.2734808e-01
   1.9430137e-01
   2.8861838e-01
   2.4630797e-01
   3.5330198e-01
   3.2494414e-01
  -9.7591105e-02
   1.4549617e-01
   1.9548489e-01
   1.2137613e-01
   3.4982279e-01
   2.0426020e-01
   2.6345659e-01
   4.5104742e-01
   2.9551138e-01
   2.8726913e-01
  -2.1946537e-01
   9.8063754e-02
  -8.9569263e-02
   2.0946813e-01
  -4.1566816e-03
  -2.7479114e-02
  -1.8184947e-01
   8.7350005e-02
   1.4596875e-02
   6.5507208e-02
   2.5467734e-01
   4.4367012e-01
   1.1811992e-01
  -1.4122690e-01
   1.7232587e-01
   1.8715879e-01
   2.8943174e-01
   3.5721204e-01
   2.1507499e-01
   1.7410412e-01
   6.3860438e-02
   5.6932695e-01
   1.7355774e-01
   3.7767738e-01
   1.7798807e-01
   2.3062145e-01
   2.6883100e-01
   2.8525401e-01
   3.0165430e-01
   5.8231349e-01
   4.1100215e-01
   3.8082074e-01
   1.7214868e-01
   1.2132297e-01
   5.9084256e-01
