   2.3898641e-01
  -8.8798921e-02
  -1.8164069e-02
   1.6291369e-01
   9.2039823e-02
  -3.2235736e-02
   3.0452169e-01
   3.8206528e-01
   2.3093574e-01
   1.4708846e-01
  -1.9748265e-01
  -1.1572877e-01
  -1.1361434e-01
   2.2223195e-01
   2.5380383e-01
   1.8518538e-01
   8.5513065e-02
   3.9713910e-01
   3.2894748e-01
   5.0459229e-01
   2.1278274e-01
  -6.0179377e-02
  -1.6716100e-01
  -1.5639295e-02
  -1.0111196e-01
  -1.4174157e-01
  -1.8888724e-01
   2.6652466e-01
  -5.4307417e-02
  -8.7420068e-02
   2.6220494e-01
   1.5588832e-01
  -1.5589371e-01
  -1.2075346e-01
  -6.8095922e-02
  -2.9877410e-02
   3.5282875e-01
   3.8683432e-01
  -1.9424407e-02
  -1.7008542e-02
   5.4250163e-01
   4.8819837e-01
   1.8497609e-01
   4.5905642e-01
   3.2630632e-01
   4.0276772e-01
   1.8791454e-01
   5.1205710e-01
   6.8660096e-01
   6.3546313e-01
   3.1786558e-01
   3.9011696e-01
   2.1835066e-01
   3.2349887e-01
   6.3540359e-01
