   1.3281436e-01
   1.2989170e-01
   4.4269393e-02
   8.2937482e-02
   8.9630657e-02
   1.3040606e-01
   3.6313731e-01
  -1.1550438e-01
   3.2859312e-01
   2.7959859e-01
   1.0952437e-01
   1.2491228e-01
   3.2059601e-01
   4.2006356e-01
   2.4896687e-01
   5.2196200e-01
  -6.9998683e-03
   9.2381993e-02
   1.5631240e-01
   4.8049449e-02
   5.1997898e-01
   2.8790885e-01
   1.2984129e-01
   2.8466003e-01
  -2.2857776e-01
   1.8728866e-01
  -2.2059316e-01
   1.8234085e-01
  -6.3089759e-02
   1.0240186e-01
   9.4490946e-02
   1.6520470e-01
   6.3662315e-02
   1.1818311e-01
   1.4227550e-01
   1.8885458e-01
   1.9802148e-01
  -9.6832867e-02
   3.3230654e-01
   6.1854733e-02
   3.4780639e-02
   6.0405991e-01
  -1.2777958e-01
   4.2699845e-02
   9.1599744e-02
   1.8221141e-01
   4.9832844e-02
   7.8947736e-02
  -9.0480024e-03
   3.4599768e-02
   2.5075040e-01
   1.7065135e-01
   9.4950697e-02
  -6.9309424e-02
   2.1141887e-01
