   2.5201891e-01
   1.1931368e-01
   6.3587725e-02
   1.5836172e-01
   1.3927865e-01
  -3.2616164e-02
   2.5622444e-01
   5.1030481e-02
   1.9000714e-01
   7.2179015e-02
  -6.7918582e-02
   9.4831164e-02
  -2.1395704e-02
  -5.1300599e-02
   2.6507700e-01
   2.8669428e-01
   7.4212733e-02
  -6.0016994e-02
   1.0305908e-01
   4.3378930e-01
   3.3824747e-01
   9.0904116e-02
   1.3998754e-01
  -8.3455089e-02
  -3.4674851e-01
   6.8444180e-02
  -1.3234239e-01
   7.8079351e-01
   1.6851484e-02
   2.7925961e-01
   2.6402450e-01
  -2.4492627e-02
   2.2527536e-01
   7.5852501e-02
   1.3199628e-01
   2.0640030e-01
   2.0725623e-01
   3.0910821e-02
   2.6298704e-01
   1.9170616e-01
   2.4807110e-02
   1.4755955e-01
   5.6377681e-02
   3.6367420e-01
   1.8366164e-01
   3.0745136e-01
   1.1149188e-01
   1.9692364e-01
   1.1513879e-01
   6.3588449e-01
   4.0306389e-01
   4.3959666e-01
   2.9073551e-01
   4.2704565e-01
   5.3566785e-01
