   3.2530260e-01
   1.7339197e-01
  -6.6477500e-02
   2.8135003e-02
   4.8019077e-02
  -1.0609249e-01
   2.5032027e-01
   1.7057482e-01
   1.7101211e-01
   1.9747876e-01
   2.4066395e-02
   1.2300763e-01
   1.7489780e-01
  -1.8131835e-01
  -2.3348603e-02
   2.6315288e-01
   7.0664822e-02
   8.2192635e-02
   4.7853201e-02
   1.4145334e-01
   1.5292356e-01
   2.7281505e-01
   2.5202172e-01
   1.8391897e-01
  -1.0407505e-02
   1.4368722e-01
  -1.5517853e-01
   3.3086566e-01
   1.5618100e-02
   9.2755038e-03
  -1.0667784e-01
   1.0697108e-01
  -7.8745506e-02
  -6.4893216e-02
   1.0165682e-01
  -7.1758523e-02
  -4.0841631e-02
   9.0206374e-02
   1.0041092e-01
   4.5157337e-02
   1.8564591e-01
  -4.2997312e-02
   6.7116139e-02
   4.5519005e-02
   1.6716762e-01
   1.1493951e-01
   8.9767833e-02
  -2.3075382e-01
  -2.9943088e-02
   2.4340281e-01
   9.2792903e-02
  -1.5980983e-01
   4.3332159e-02
  -1.1421027e-01
   2.0143795e-03
