   5.3217363e-01
   3.5848500e-01
   5.0230196e-01
   3.9292311e-01
   5.1154624e-02
   1.4888015e-01
  -9.6328066e-02
   1.5622196e-01
  -1.9399793e-01
  -5.4789827e-02
   1.3195671e-01
   1.8588257e-01
   2.7276680e-01
   1.9809055e-02
   3.6910151e-02
  -9.3226511e-03
  -7.8846665e-02
  -1.1385625e-01
   2.6014725e-03
   8.2990881e-01
   4.9593974e-01
  -1.5095705e-01
   1.6223692e-01
  -3.2114782e-01
  -1.6864080e-01
   6.2351910e-02
   6.5635456e-02
   6.4096865e-01
  -1.4046302e-01
   1.3491558e-01
  -7.6892983e-02
   1.6170980e-01
   2.1154104e-01
   2.7240612e-02
  -6.5984451e-02
   1.3622089e-01
   1.6099801e-01
   6.3803673e-04
   6.4790574e-02
   6.8700213e-03
  -1.7299990e-01
   4.7410753e-01
   1.8869300e-01
  -1.4894043e-01
  -9.0416821e-02
   4.2833808e-02
   3.5853265e-01
   6.9789396e-02
   1.6597175e-01
   5.4489275e-01
   9.8203922e-02
   1.5402568e-01
   7.0226587e-02
   5.7357297e-02
   2.7642275e-01
