   3.5946440e-01
   1.1008939e-02
  -1.4316896e-01
  -3.3693850e-02
   8.8237061e-02
   2.2000689e-01
   2.3564320e-01
   3.3556985e-01
   6.3729356e-02
   2.2769623e-01
   3.2272555e-02
  -5.9847772e-02
   1.5167144e-01
   1.6238083e-01
   2.5774647e-01
   4.4024299e-01
   1.7392963e-01
   1.4249295e-01
   2.4197302e-01
   5.9636785e-01
   2.5206841e-01
   2.5920297e-01
  -5.6608385e-02
  -1.9374940e-01
  -9.1234874e-02
  -1.5297948e-01
  -4.1647796e-02
   1.2798554e-01
   1.9531418e-01
  -7.8049998e-02
  -2.2198672e-01
  -7.0561308e-02
  -9.1713725e-02
  -1.2397393e-01
   2.1694152e-01
   2.0004087e-02
   1.7548018e-02
   7.6311579e-02
  -1.6062298e-02
  -7.4551151e-02
   3.6831867e-02
   2.7553720e-01
   2.4107045e-01
   5.5439805e-02
   2.4611408e-02
   4.1464232e-01
   3.3813799e-01
   3.3781221e-01
   3.0686931e-01
   4.8465899e-01
   4.2206702e-01
   2.5709104e-01
   2.4341456e-01
   2.1622341e-01
   2.3716279e-01
