   2.7500986e-01
   1.9482962e-01
   1.4929299e-01
   2.1702473e-01
   9.4632687e-02
   2.5390174e-01
   1.0535839e-01
  -2.0309642e-01
   3.5072013e-02
  -5.6084814e-03
   1.9488334e-01
   2.3912417e-01
   7.8539557e-02
   1.5281902e-03
   3.5884058e-02
   3.3523172e-01
   3.5520215e-02
   1.5665917e-01
   1.5633242e-01
   1.6846669e-01
   1.4798747e-01
   7.9216984e-01
  -4.6439457e-02
   4.1135481e-02
  -4.9474306e-01
   2.3019519e-01
   3.9645516e-01
   7.5625557e-01
  -3.1499925e-02
   2.2196875e-02
   2.1935723e-01
  -1.8816267e-01
   1.4984094e-01
   1.3588091e-02
   1.1389658e-02
   5.3514708e-02
   2.1766590e-01
  -1.2414047e-01
   1.8367740e-02
   9.4452204e-02
  -3.9891498e-02
   5.7329284e-02
  -3.3918329e-01
   8.2805996e-02
   3.3136979e-01
   6.6674019e-02
   1.4132286e-01
   1.1129630e-01
   5.5441181e-02
   2.7166167e-01
   9.4263749e-03
  -7.7648167e-02
   1.5472747e-02
  -6.4204833e-02
   3.4693902e-01
