   3.8733899e-01
   2.3675998e-01
   3.3829348e-01
   2.6345598e-01
   3.8393325e-02
   2.3996851e-01
   2.7378312e-01
   1.4243058e-01
  -2.0545153e-01
   7.1046967e-02
  -7.1130038e-02
   1.4575625e-01
  -4.7558285e-03
  -7.1524564e-02
   3.8614818e-02
   4.2837455e-01
   2.5972273e-01
   8.4124277e-02
   5.0796403e-02
   4.2865592e-01
   2.7006108e-01
   2.2249406e-01
  -9.8153456e-03
   1.0347668e-03
   1.2643648e-01
   3.6733165e-02
   1.2413579e-01
   4.6405176e-01
  -3.1531486e-02
   1.5583836e-02
  -7.3771573e-02
  -5.4731041e-02
  -2.0538111e-01
  -4.3453472e-02
   5.1308856e-02
  -1.1683062e-01
   1.1924572e-01
  -2.0784247e-02
  -1.3417661e-01
  -1.2667778e-01
   2.2721522e-02
   1.2619951e-01
  -1.2949758e-01
   6.3607760e-02
   3.1624184e-02
  -1.0732661e-01
   8.2804264e-04
  -7.6024521e-02
   5.0233974e-02
   6.7800544e-01
   2.6533816e-01
   1.2920387e-01
   2.2010050e-01
   1.6993071e-01
   1.9950020e-01
