   5.8714400e-01
   1.1368825e-01
  -2.8115449e-03
  -7.0922462e-02
  -6.9707475e-02
  -6.8882470e-02
   4.0513109e-01
   3.1401388e-01
   3.4703221e-01
   2.5024865e-01
   7.5760379e-02
   9.2072378e-02
   5.1725792e-02
  -1.1391449e-02
   1.9957517e-02
   2.5495600e-01
   2.3090964e-01
   9.7199850e-02
   1.2988260e-01
   2.5000164e-01
   1.2473566e-01
   5.6364422e-01
  -2.1594464e-01
  -7.6019788e-02
  -2.7715792e-01
  -1.6409288e-01
  -1.5477208e-01
   3.5177726e-01
   1.7559244e-01
  -4.3099316e-02
   5.9800322e-02
  -1.4483219e-01
   5.6254195e-02
   3.3356108e-03
  -2.9750928e-02
  -1.8222190e-01
  -7.5652150e-03
  -1.0751065e-01
   1.0621503e-01
  -4.2716687e-02
  -4.5612254e-02
   2.9272608e-02
  -2.5936068e-01
  -1.2433896e-01
  -1.4252825e-01
   3.3981274e-02
   1.6352398e-01
  -6.1227422e-02
   1.0817079e-01
   7.2461729e-01
   5.3972355e-01
   3.7086900e-01
   3.8989824e-01
   7.2725162e-02
   5.0391005e-01
