   3.3432332e-01
   2.8625896e-02
   2.5396236e-02
   9.2053467e-02
   2.3246100e-01
   2.5025168e-01
   1.9028858e-01
  -2.6145481e-02
   2.5146207e-01
   1.4253209e-01
   2.7671083e-01
   1.3021601e-01
   1.4580750e-01
   5.6401930e-02
   1.9489387e-01
   7.5649735e-02
  -2.8204529e-02
   7.4797698e-02
  -4.2648762e-02
   6.1117587e-01
   3.9749664e-01
  -1.9885419e-02
   1.1240926e-01
  -7.8080046e-02
  -9.3918718e-02
  -6.3655621e-02
  -2.2645002e-01
   5.3270557e-01
   1.1886468e-01
   2.0500263e-01
   2.0812863e-01
   1.8536196e-01
   7.6544355e-02
  -8.8411372e-02
   4.0833879e-02
   2.0029057e-01
   1.8619140e-01
   2.5985443e-01
  -6.4340490e-02
  -1.3297352e-01
   1.9175237e-01
   2.5094250e-01
   2.5120899e-01
   4.2736468e-01
   3.7402263e-01
   2.9226313e-01
   2.2114113e-01
   2.5088082e-01
   1.8638714e-01
   3.8242846e-01
   4.9265272e-01
   4.4124292e-01
   2.3215880e-01
   4.2991590e-01
   8.8897822e-01
