   3.9565521e-01
  -2.1809797e-02
  -6.6285610e-02
   1.2651352e-01
  -1.1117760e-01
   5.3875998e-02
  -6.7998397e-02
  -5.1017166e-02
   1.6423760e-02
   4.5761104e-02
   1.0831779e-01
   1.4730201e-02
   9.5064547e-03
  -1.5024962e-01
   2.4415343e-02
  -4.3717179e-02
  -1.9322510e-02
  -1.8881163e-02
  -7.3430757e-02
   2.4830608e-01
   8.0882734e-02
   2.9679611e-01
  -6.4904059e-02
   2.4427976e-01
  -2.1852681e-01
   4.8425035e-02
   3.5235312e-03
   3.4618670e-01
   3.1679313e-02
  -9.9489222e-02
   2.4480461e-01
   1.9552890e-01
   1.9633363e-01
   1.0779084e-02
   1.3126594e-01
  -1.9860464e-02
   4.3484495e-01
   3.4148142e-01
   1.0851725e-01
  -9.4290793e-02
   9.7638573e-02
   3.8873922e-01
   2.8833960e-02
   1.5414201e-01
   2.0285298e-01
   2.7479897e-01
   7.5721965e-02
   1.8230682e-01
   2.9393373e-01
   5.5788120e-01
   2.9100000e-01
   3.2142812e-01
   3.0783376e-01
   1.8391589e-01
   4.7036095e-01
