   3.6936165e-01
   2.7690928e-01
  -3.7074018e-02
   1.9474914e-01
   4.9161987e-02
   3.2566789e-01
   4.0978723e-01
   2.1743974e-01
   1.7348936e-01
   2.1507139e-01
   3.0266703e-01
  -5.9892276e-02
   3.7342162e-02
   1.0564596e-01
   2.7785538e-01
   2.9425567e-01
   1.0220511e-01
   1.8977643e-01
   2.0271917e-01
   8.1059271e-02
   6.7573017e-02
   1.7875132e-01
   3.1927951e-01
   4.3524682e-01
  -1.1521200e-01
   3.6809246e-01
   4.3510351e-01
   7.6856703e-01
  -8.8512196e-02
  -3.6291900e-02
  -5.2229016e-02
   1.4872440e-02
  -1.9032583e-02
  -6.7573982e-02
  -1.8128192e-01
   1.2876773e-01
   2.5491969e-01
   2.8179258e-01
   2.1933013e-01
   8.2516785e-02
   3.2454571e-02
   1.4516555e-01
   2.8104006e-02
   2.6481627e-01
   1.5285700e-01
   4.5971000e-01
   2.6312537e-01
   3.0090172e-01
   2.6879109e-01
   5.2973279e-01
   4.9242535e-01
   5.6684412e-01
   8.1329672e-02
   1.5758252e-01
   5.6955188e-01
