   3.8241745e-01
  -6.1157069e-02
   1.8610322e-01
   1.9872545e-02
  -3.8814556e-02
   5.9980122e-02
   1.9928959e-01
   1.2997066e-01
   1.7176135e-02
   1.2314414e-01
  -1.5586122e-01
   1.3387809e-01
   8.7491293e-02
  -5.0199962e-02
   2.6035153e-01
   8.2665056e-02
   1.6359061e-01
  -8.5278394e-03
   6.9163426e-02
   1.9394806e-02
  -5.8018739e-02
   4.8945415e-01
   1.9392044e-02
  -2.3956494e-01
  -4.9954460e-01
   9.6432712e-02
   8.7055164e-02
   3.6107382e-01
   1.9508369e-01
   5.6283364e-02
   3.8785038e-01
   2.1110248e-01
   5.3015499e-02
  -2.1966512e-02
   2.0795955e-02
  -7.6103629e-02
   2.7071798e-01
   1.4901383e-01
   9.2607710e-02
  -1.4336949e-01
   5.1428736e-02
  -7.0687545e-02
  -2.0314761e-01
   9.8433717e-02
   1.1451396e-01
   5.2596437e-02
   9.4299974e-02
   4.2006153e-01
   4.3728940e-01
   9.8204479e-01
   4.1771379e-01
   2.9571469e-01
   3.1500333e-01
   3.0536816e-01
   8.6640425e-01
