   5.3355209e-01
   1.7571296e-01
   1.8543959e-01
   2.6489221e-01
   2.9876999e-01
   6.6842661e-02
   2.0623990e-01
  -3.2853354e-02
  -1.0393754e-02
  -7.8684136e-02
   9.2359187e-02
   2.5326916e-01
   3.3821737e-01
  -4.8308595e-02
   1.7240435e-02
   4.8982183e-02
  -1.7749371e-01
  -7.5038383e-02
  -5.3723743e-02
   4.8104165e-01
   3.5109707e-01
   2.4851932e-01
   6.7310876e-02
  -5.4738585e-02
  -1.0170490e-01
  -1.3244437e-01
  -9.7853033e-02
   8.1689023e-01
   2.8333113e-01
   1.6289411e-01
   1.6825120e-01
  -2.0007236e-01
   5.6653995e-04
  -1.9607850e-01
   2.2549578e-01
   2.3905327e-01
   1.5964886e-01
  -2.7633325e-01
  -3.2074923e-03
  -2.2414039e-01
   2.8833509e-01
   3.1395053e-01
   1.8833262e-02
   1.3035284e-01
   1.7158902e-01
   8.3093978e-02
   1.5108110e-02
   6.8928392e-02
  -3.8511536e-02
   2.3296165e-01
   1.5760381e-01
   1.2756623e-01
   1.6202648e-01
   2.0680268e-01
   6.6356789e-01
