   5.0248586e-01
   2.8299714e-01
   1.9638490e-01
   2.9270307e-01
  -4.5690100e-02
   7.5799225e-02
   3.9584257e-01
   1.9559398e-01
   2.1922684e-01
   3.3755000e-01
   2.9075844e-01
   1.0818061e-01
   9.2706065e-02
   1.2166027e-01
   3.0021720e-01
   3.2927619e-01
   3.5618328e-02
   8.1783760e-02
   1.7405472e-01
   3.6637745e-02
   2.3790091e-02
   2.8841775e-01
   8.6095320e-02
   2.7031947e-01
  -2.4478389e-01
   2.2976309e-01
   1.0546228e-01
   5.1157516e-01
  -2.3173091e-02
   3.9858829e-02
   3.5239109e-01
  -7.1735604e-02
   2.1668665e-01
   1.7505103e-01
  -2.0625652e-01
   9.4348870e-02
   4.1108464e-01
   4.4663523e-01
   1.0714115e-01
   2.5914127e-01
   1.8380953e-01
   1.0301306e-01
  -2.7620304e-01
   3.1080506e-01
   1.2378788e-01
   2.0681364e-01
   1.4467530e-01
   9.1049339e-02
   3.2448952e-02
   2.9259612e-01
   3.5495156e-01
   1.7548530e-01
   1.4561343e-02
   7.5809059e-02
   6.0137650e-01
