   7.4302770e-01
   1.4806032e-01
   1.2144367e-01
  -2.8731161e-02
   3.4379617e-01
   1.8113953e-01
   2.1450570e-01
   1.3501676e-02
   2.1819540e-01
   5.8999534e-02
  -6.9547196e-04
   1.0965378e-01
   3.1978162e-01
   3.5581639e-01
   2.3036527e-01
   3.4052414e-01
   1.5486564e-01
   2.0307733e-01
   5.0834601e-02
   7.5330599e-01
  -1.8357929e-01
   2.4720717e-01
  -8.7296936e-02
  -1.1379506e-02
  -1.5475959e-01
  -3.5878418e-02
  -1.8164064e-01
  -2.2147496e-01
  -2.1174525e-02
  -1.0651454e-01
   2.5555634e-02
  -1.2188995e-01
  -1.7773258e-03
  -2.7300276e-01
   2.0888819e-01
   1.6668065e-01
   3.4713441e-01
   5.3336989e-01
  -8.7410845e-03
   1.8841956e-02
  -3.7499227e-03
   3.0151749e-01
   5.0866281e-02
   1.4152050e-01
   1.3855252e-01
   2.6629002e-01
   1.6099750e-01
   1.6873875e-01
   1.0169476e-01
   7.1055051e-01
   4.8692572e-01
   3.1306201e-01
   2.2019581e-01
   2.2344859e-01
   8.4667991e-01
