   6.5778272e-01
   1.2994617e-01
  -1.4309407e-02
   5.5119130e-02
   3.0686052e-01
   2.5333350e-01
   2.7853918e-01
   1.2982849e-01
   4.1632451e-01
   3.8852553e-01
   1.8947145e-01
   1.5413312e-01
   7.2835481e-02
   2.2403358e-01
   3.3306507e-01
   2.2753008e-01
   1.7502928e-01
   3.8158918e-01
   4.4392510e-01
   2.8413684e-01
   1.2835783e-01
   2.7726813e-01
  -1.3997967e-01
   3.0662855e-02
   1.1715015e-01
  -4.7116440e-02
   4.0333479e-02
   8.8190371e-01
   2.7661957e-02
  -2.8001018e-02
   1.9795926e-01
   7.8080892e-01
  -1.6892500e-01
   1.6455738e-02
  -6.7160334e-02
   7.7980752e-02
   3.2752949e-01
   5.3024103e-01
  -2.5621946e-01
  -1.1369480e-01
   2.7837786e-01
   4.7899529e-01
   2.6266014e-01
   4.5863495e-01
   4.0070296e-01
   2.2095768e-01
  -2.7189396e-03
   1.4455330e-01
   2.1118024e-01
   5.8688614e-01
   2.4318461e-01
   3.4530971e-01
   5.5759088e-02
   2.3810472e-01
   1.0624472e+00
