   9.7165828e-02
   2.6305087e-01
   2.1292108e-01
  -1.3909358e-02
   2.0846727e-01
   3.7198299e-03
   2.6476471e-04
  -2.2749743e-01
   1.4675250e-01
  -5.6718885e-02
   4.4750862e-02
   8.5960791e-02
   1.3791766e-01
   2.4130543e-02
  -4.9417739e-02
   1.9301399e-01
  -3.8029419e-03
  -4.3149730e-02
   2.6261324e-02
   6.2045624e-01
   3.8552731e-01
   3.0764796e-01
   5.0861770e-02
   1.3456321e-01
  -2.8828700e-01
  -1.6183932e-01
  -5.6273778e-02
   3.8026172e-01
   1.5360343e-01
   1.6257786e-02
   9.5794995e-02
   1.1998556e-01
  -8.1233891e-02
   5.6276297e-02
  -1.1067222e-01
   4.5906245e-01
   2.0618951e-01
   5.9149242e-03
  -5.2395450e-02
   1.7612674e-01
  -5.9128074e-03
   2.4565851e-01
   5.2833893e-03
   4.9188943e-02
   7.0707161e-02
   2.0928392e-01
   1.3648245e-01
   2.1641660e-02
   2.2589098e-01
   2.6318116e-01
   2.3781120e-01
   3.4059930e-01
   8.6080685e-03
   2.0551550e-01
   4.8233771e-02
