   2.7178880e-01
   2.2093016e-01
   5.9868393e-02
   2.8404650e-01
  -9.0315934e-02
   5.2852602e-02
   1.8691646e-01
   3.0209457e-01
   1.5448615e-01
   5.0462658e-02
   1.1626754e-02
   2.3057126e-02
   4.0451935e-01
  -1.5873956e-01
  -5.8048006e-02
   2.6111361e-01
   3.7439099e-02
   9.7440927e-02
   2.6532810e-02
   3.4439102e-01
   2.6456241e-01
   3.8646885e-01
  -1.4028781e-01
  -1.1284804e-01
  -1.0580799e-01
  -2.7773576e-01
  -2.0537181e-01
   2.9891590e-01
  -7.1309472e-02
   2.6336233e-01
  -2.7726439e-01
   1.6177352e-02
  -3.4176057e-01
  -1.2602520e-01
  -1.4349925e-02
  -1.4039361e-01
   2.4678379e-01
   6.3086573e-02
  -8.9525845e-02
  -3.7701756e-02
  -1.9128048e-01
   2.7536421e-02
  -1.6876104e-01
  -1.2315293e-01
  -2.8554739e-02
  -1.7102125e-01
   2.2512897e-01
   1.4334359e-01
   4.3177211e-02
   4.2825618e-01
   3.1588215e-01
   3.5955326e-01
   2.7031292e-01
   3.2509250e-01
   5.4334647e-01
