   1.0053690e-01
   1.2698276e-01
  -1.2168442e-01
   1.3326317e-01
   4.8202328e-02
   1.1113385e-01
   1.5966979e-01
   9.4281818e-02
   2.4738290e-01
   1.3571079e-01
   4.1408766e-02
  -1.5074027e-02
  -1.8884153e-03
  -2.6037788e-01
   4.7121243e-03
   1.5164492e-01
   1.1675677e-01
   1.9166204e-01
  -1.6722460e-01
   1.3814883e-01
  -1.0874171e-01
  -2.3291317e-01
   1.3193558e-01
  -3.6057347e-03
  -2.9974447e-01
   1.0275876e-01
   5.2261974e-02
   7.0338341e-02
   4.3014790e-03
  -6.8001744e-02
   6.3607737e-02
   6.0623554e-02
   1.2966833e-01
   4.5241327e-02
   1.1332161e-01
  -4.0003120e-02
   3.6209024e-01
   1.4818808e-01
  -2.8596252e-02
  -8.0577491e-02
   7.1267917e-03
   1.1087161e-01
   2.5134939e-02
   2.7173759e-03
   1.5060329e-02
   1.6702936e-01
   8.8303925e-02
   1.8596999e-02
   1.4458580e-01
   4.2334039e-01
   1.0742690e-01
   1.1752690e-02
   1.0798922e-01
   1.6564113e-01
   2.8928184e-01
