   5.8246197e-01
   8.0130602e-02
   1.1080436e-01
   1.0906242e-01
   7.9558714e-02
   7.3717141e-02
   6.5135928e-02
   1.9152665e-02
   2.4280419e-01
   6.7292136e-02
   1.1826165e-01
   1.4365754e-01
   1.1328270e-01
   1.1258529e-01
   2.8672205e-01
   4.0761946e-01
   9.1852703e-02
   2.8435601e-01
   2.6595661e-01
   6.1857588e-01
   1.5201063e-01
   1.6026871e-01
   4.9653861e-02
  -1.1534484e-01
   1.2875040e-01
   1.8384467e-01
   9.9699326e-02
   8.2630701e-01
   1.8317053e-01
  -1.4729921e-03
   5.7369041e-02
   2.5146211e-01
   1.3957418e-01
  -4.2619746e-02
   2.0298195e-01
   4.5876847e-02
   1.7456473e-01
   9.0545771e-02
   2.1326700e-01
  -1.7150461e-01
   3.2556981e-01
   5.5495530e-01
  -6.4987547e-02
   1.2008885e-01
  -7.1674882e-02
   3.8490954e-01
  -1.1327658e-01
   3.0655326e-01
   1.9641537e-01
   1.2481257e-01
   2.3142957e-01
  -1.2095564e-02
  -1.3638876e-01
  -1.4806457e-01
   2.4287076e-01
