   2.1674960e-01
   2.4594908e-01
  -1.5206926e-02
  -1.2522933e-01
   1.6974892e-02
   1.6355468e-01
  -8.0568821e-03
  -2.3292990e-02
   1.2510735e-01
   1.6962487e-01
   2.1859677e-01
  -8.2472939e-02
  -2.2469137e-02
   8.7427986e-02
   2.8889928e-02
  -7.3221829e-03
  -4.7579944e-02
   2.7095550e-01
   1.0779380e-01
   7.9464927e-02
   3.5018717e-01
   1.7442842e-02
  -5.1460291e-03
   9.4969602e-02
  -4.9414791e-01
   2.4606795e-01
   2.7561348e-01
   2.0552462e-01
   3.7103722e-03
  -3.3237590e-01
   9.2411340e-02
   2.9742034e-01
  -9.9231526e-02
  -6.6001792e-02
  -6.2297503e-02
  -4.2331344e-02
   2.7515239e-01
  -1.5890264e-01
   1.1984792e-01
   1.3531862e-01
   1.3134104e-01
   8.3443162e-03
  -8.5552417e-03
   1.2156559e-01
   1.2625591e-01
   2.1277373e-01
   1.4046447e-01
   3.3317896e-01
   1.2790639e-01
   4.6373449e-01
   1.4390605e-01
   2.5438196e-02
  -4.4069596e-02
  -1.5691541e-01
   3.0859297e-01
