   3.7541242e-01
   4.4968527e-01
   2.9672637e-01
   2.8551360e-01
   2.4157170e-02
   4.3643032e-02
   3.5209367e-01
  -2.8266441e-01
   5.9228108e-02
   1.5351353e-01
   1.2050389e-01
   4.6823586e-03
   2.2002631e-01
  -1.1508993e-01
   2.2563344e-01
   1.6587851e-01
  -3.0299406e-02
   3.1503428e-01
   2.1474194e-01
   3.9732272e-01
   3.5314041e-01
  -5.5572290e-02
   1.1017284e-01
   1.4217111e-01
  -3.1564553e-01
   1.8136634e-02
   8.3045525e-02
   4.3776587e-01
  -1.3184837e-01
  -8.4261404e-02
   1.9601064e-02
  -1.6144855e-01
   2.2159349e-02
  -1.4780033e-02
  -2.7406105e-01
   8.3669843e-02
   1.4108612e-01
  -3.8260244e-01
   1.9856449e-01
   4.5423683e-04
  -1.2064377e-01
   2.7021714e-01
   2.8725597e-03
   2.0911600e-02
  -8.4302794e-02
   1.3302624e-01
   9.7671322e-02
   1.9987890e-01
   1.5068920e-01
   1.9866127e-02
   1.2448455e-01
   1.6545367e-01
  -3.1032977e-02
   8.9250808e-02
   4.8255543e-01
