   2.5388533e-01
  -1.9096749e-01
  -2.3165026e-01
   7.0313885e-02
  -6.5908369e-02
   2.5485284e-02
   1.2162569e-01
  -6.5300949e-02
   1.0888184e-01
   7.7411819e-02
  -1.4980022e-01
  -3.0302056e-02
   2.2687596e-02
  -4.6054221e-02
   2.3429634e-02
   2.8027162e-01
   3.1703645e-01
   1.2356047e-01
  -3.6422424e-02
   2.1783379e-01
  -2.2391407e-01
   5.4795482e-01
   1.3082302e-01
  -3.6636537e-01
  -1.1235457e-01
   7.1987281e-02
   8.6609465e-02
   3.1352914e-01
   3.1132529e-01
   1.2481865e-01
  -3.9904482e-02
   2.3616439e-01
   1.3337355e-01
  -3.6353391e-02
   2.6249158e-02
   3.1066290e-02
   1.1194770e-01
   1.2737028e-01
  -1.3368829e-01
  -1.6679266e-01
  -5.2902809e-02
  -1.0304119e-01
  -9.9383153e-02
   1.0952199e-01
   1.6683157e-01
   3.5517584e-02
   7.4866492e-02
   1.0927108e-01
   1.5984671e-01
   3.8926216e-01
   1.2783477e-04
  -1.4666271e-02
   1.7433711e-01
   2.8173056e-02
   3.8146789e-01
