   4.1306880e-01
   1.3719153e-01
   2.0414777e-01
   2.1971942e-01
   8.0834838e-03
   3.4356352e-02
   1.4892029e-01
   2.6702408e-01
   1.2947677e-01
   9.0555951e-02
   3.2027429e-01
   3.1835016e-01
   2.6539642e-01
   3.0193272e-01
   9.3647675e-02
   2.9408239e-01
   1.5677357e-01
   2.7320023e-01
   3.7938032e-01
   1.0096223e+00
   5.4912376e-01
   3.1411452e-01
   1.7407821e-01
   5.2095226e-01
  -4.0459194e-01
   8.5527957e-02
   4.4186879e-02
   7.6146895e-01
   5.8611612e-02
   8.5293374e-02
   5.5730007e-01
  -2.2299195e-01
   2.2492255e-01
   1.1459447e-01
  -8.4874110e-03
   1.3243014e-02
   4.8922098e-01
  -7.7357410e-02
   2.0091458e-01
   1.8877146e-01
   5.2840186e-02
   3.1889375e-02
  -1.9401936e-02
  -7.3195118e-02
   1.0969308e-01
   6.3217953e-02
   1.2239654e-01
   1.5774855e-01
   6.8835275e-02
  -1.1497155e-01
   6.6504761e-03
   1.0070106e-01
   2.5766677e-01
   1.1926034e-01
   1.4602346e-01
