   6.0428472e-01
   4.0878491e-02
   1.1065359e-01
   5.0016792e-01
   1.2040775e-01
   2.7000006e-01
   1.1431852e-02
   1.9246444e-01
   9.3261988e-03
   8.7060404e-04
  -1.8425393e-01
   1.5455028e-01
   4.6042033e-01
  -1.4513208e-01
   2.0170891e-01
   2.2407201e-03
   1.7984730e-01
  -4.3802532e-02
   2.0497558e-01
   1.2023042e-01
   9.0690647e-02
   4.0861451e-01
   1.0033264e-01
  -9.1898787e-02
  -1.2993259e-01
  -9.5611779e-02
  -7.0267190e-02
   2.1100248e-01
  -2.0063572e-01
  -2.3001105e-01
  -4.0852432e-01
   4.3201034e-02
  -1.2471790e-01
  -3.7353437e-02
  -2.4722066e-02
   1.2553692e-01
  -3.9368672e-02
   2.5060753e-01
   1.6814909e-01
   2.4615446e-01
   2.5962711e-01
   3.7778719e-01
   9.4777879e-02
   2.5816573e-02
   6.7876100e-02
   7.5287136e-02
   1.3526477e-01
   5.2582358e-02
   8.3333821e-02
   2.7325172e-01
   1.2390625e-01
   1.0616966e-01
   1.0537034e-01
   6.4936472e-02
   2.6493086e-01
