   5.3501537e-01
   3.4486329e-01
  -1.1192613e-01
   1.8123264e-01
   1.2919989e-01
   5.1411401e-02
   1.2460159e-01
   9.9960088e-02
  -1.3234205e-01
   1.8604141e-01
   3.1425510e-01
  -2.0154031e-01
   1.9019721e-02
   4.6088285e-02
   2.5111574e-01
   7.8576985e-02
  -1.1477822e-01
  -3.2389880e-01
   1.7296482e-01
  -3.0796648e-01
  -1.8384975e-01
   2.2213336e-01
   6.0262806e-02
  -8.7985534e-02
  -8.4215357e-02
  -3.0932745e-02
   3.1008471e-01
   7.4989574e-01
  -5.2844108e-01
   1.0049796e-01
   2.9194289e-01
   9.7023509e-02
  -9.5637885e-02
   9.0756698e-03
  -3.8486787e-01
  -1.7616269e-01
   1.1287636e-01
  -4.4441802e-02
  -1.0566030e-01
   2.1133878e-02
   3.8521884e-04
   2.4023924e-01
   1.3269164e-01
  -3.5156159e-02
   1.6712998e-01
   2.9819739e-01
   9.8683457e-02
  -8.3407930e-02
   4.0385837e-02
   3.1255989e-01
   1.0005493e-02
   2.4451372e-01
   1.2330972e-01
   9.5059738e-02
   1.3920396e-01
