   2.2155019e-01
   1.5627769e-02
  -2.7482311e-02
   4.6079763e-02
   2.7454287e-01
   1.9504864e-01
   8.4747718e-02
  -1.7540600e-02
  -5.9146172e-02
   3.3072822e-02
   1.0332258e-01
   2.0836553e-02
  -3.9412096e-02
   3.6752081e-03
   1.1823727e-01
   7.0634495e-02
   4.3042322e-03
  -1.0009103e-04
   2.1812052e-01
   5.1488849e-01
   3.7734331e-01
   4.7380396e-01
   2.8446341e-01
  -2.8356811e-01
  -4.8373985e-01
  -9.9585512e-02
  -9.5015678e-02
   6.3787307e-01
   4.2305267e-01
   2.5622024e-02
   5.9234808e-03
  -2.4718290e-01
   1.4294957e-01
  -6.9732915e-02
   1.4604007e-01
   2.0179050e-01
   2.5577287e-01
  -1.1828476e-01
   2.4399086e-01
   9.7371138e-02
   1.9042509e-01
   2.0022787e-01
  -4.4846400e-02
  -2.5272022e-02
  -9.3836377e-02
   1.0303804e-01
   1.5093003e-02
  -8.6233104e-02
   9.2958084e-03
   7.5193646e-01
   3.5798609e-01
   3.0802481e-01
   2.5291837e-01
   2.6693427e-01
   2.1408862e-01
