   2.7804896e-01
   1.2120073e-01
   1.8373253e-01
   1.9158980e-02
   4.9302860e-02
   1.7538486e-01
   3.6605874e-01
   2.9255482e-01
   2.0266783e-01
   2.6484424e-01
   1.6969385e-02
   1.7595860e-01
   4.9880548e-02
  -1.6044328e-02
   1.4056476e-02
   2.1249355e-01
   7.0616019e-02
   1.4085676e-01
   1.5111896e-01
   3.9158153e-01
   2.4172874e-01
   3.0836004e-01
   3.8643385e-02
  -2.1590819e-01
  -2.2887837e-01
  -1.8023026e-01
  -1.7575919e-01
   5.0545083e-01
  -1.5049356e-01
  -7.7906606e-02
  -2.3253742e-01
  -2.7499654e-01
  -3.1277990e-01
  -2.7883133e-01
  -3.9630478e-01
   1.1548098e-01
  -2.9364919e-01
  -2.7742535e-01
  -3.6923328e-01
  -3.8532373e-01
   8.8012401e-02
   9.9243221e-02
   4.7180876e-02
   1.7620048e-01
   2.3745429e-01
   3.7646682e-01
   1.2953164e-01
   4.0493408e-02
   6.2887792e-02
   5.5657501e-01
   6.9765096e-01
   4.5706481e-01
   4.4192287e-01
   3.8538578e-01
   6.3747590e-01
